1.000000000000000000e+00 1.192314172426629408e-10 1.052421279223628477e-10 -4.652802932917703957e-12 -1.192314165750758931e-10 1.000000000000000000e+00 9.786419235306322448e-12 -4.365047932221796747e-12 -1.052421273968590112e-10 -9.786419467096972152e-12 1.000000000000000000e+00 -8.102801410411541795e-13
9.999626334272826433e-01 -5.539014378226663621e-03 -6.637098219020125082e-03 4.295487923602849256e-01 5.547486715673505611e-03 9.999838204246125350e-01 1.258681238591157023e-03 1.227135224580719851e-02 6.630020013995532521e-03 -1.295453468359973213e-03 9.999771820583688298e-01 -4.646335898869356773e-02
9.998240167922357591e-01 -1.604096615341946488e-02 -9.727426581638066658e-03 7.065535811149695755e-01 1.612448149603036909e-02 9.998332764235959846e-01 8.568573123400070879e-03 8.570366490792246522e-03 9.588358125254733619e-03 -8.723915218035333333e-03 9.999159748386935442e-01 -9.388046508953799829e-02
9.996711395356430163e-01 -2.305625652831657518e-02 -1.122594124002224657e-02 1.110707068957943688e+00 2.320121438093567315e-02 9.996468321842876259e-01 1.295818497762872036e-02 1.390842469741037507e-02 1.092321112926634627e-02 -1.321437948097279637e-02 9.998530210522605932e-01 -1.214570738679506684e-01
9.994191678385329070e-01 -3.285998298960410291e-02 -9.030412639576903405e-03 1.500636007967464991e+00 3.297396566917015076e-02 9.993745410698493536e-01 1.277670998711562429e-02 3.609642223914297232e-02 8.604923491263761007e-03 -1.306705785102949338e-02 9.998775961890363773e-01 -1.123257031540751127e-01
9.990471732628031232e-01 -4.320479383995674827e-02 -6.171804396853723847e-03 1.851876129629712597e+00 4.325144390044903531e-02 9.990350406138747141e-01 7.635471108500323754e-03 3.272418239827002556e-02 5.835960987712932556e-03 -7.895135585859840849e-03 9.999518030549380265e-01 -6.326113454412751747e-02
9.983582573771090374e-01 -5.715124448497255899e-02 -3.811140570422567875e-03 2.228650200331972364e+00 5.716676406509898362e-02 9.983562502011817941e-01 4.093793172037032274e-03 3.916225618684237436e-02 3.570911449673635531e-03 -4.304942988314283681e-03 9.999843579162075446e-01 -1.076202255369656385e-01
9.976318137617257165e-01 -6.854135397271363117e-02 -5.731179335245308384e-03 2.612206360470407773e+00 6.855109257736918815e-02 9.976464512552880581e-01 1.518737656805905492e-03 7.430937329706360783e-02 5.613595583220639187e-03 -1.908019733118905157e-03 9.999824233519566397e-01 -2.043118904572175654e-01
9.973089897713361962e-01 -7.252461643676351433e-02 -1.072186088864064864e-02 2.924932158320756148e+00 7.252118880559857428e-02 9.973666199025572610e-01 -7.094527193972764061e-04 1.233571221429570486e-01 1.074508085068536997e-02 -7.001859380105696952e-05 9.999422675024483009e-01 -2.240468965928556488e-01
9.970395251897958833e-01 -7.621736399456179034e-02 -1.015371512475475406e-02 3.274583700859630131e+00 7.619560209015556473e-02 9.970897190727705528e-01 -2.514571687173970237e-03 1.766493839746682559e-01 1.031582100939700160e-02 1.733458920101091892e-03 9.999452879790187154e-01 -3.389526198993312311e-01
9.963016967506491683e-01 -8.379303064053525429e-02 -1.901726046341386048e-02 3.671991438524969009e+00 8.364137727716244863e-02 9.964584954126517458e-01 -8.636424323406985404e-03 2.504987603658267448e-01 1.967358623475346999e-02 7.013854511503603284e-03 9.997818541305255602e-01 -3.266852267202486337e-01
9.955186364069368299e-01 -9.213563000792866775e-02 -2.129951129667914667e-02 4.138795672865031250e+00 9.188102206187945264e-02 9.956897547306476914e-01 -1.264085436110114896e-02 2.995011371375008724e-01 2.237238209782913337e-02 1.062718550924140158e-02 9.996932226667357702e-01 -5.011709601245704082e-01
9.942627160503035855e-01 -1.038915730352392708e-01 -2.545959844266017583e-02 4.557617451039146950e+00 1.036383239267163053e-01 9.945533714591954233e-01 -1.107657354363940187e-02 3.622140021246526009e-01 2.647169662271144780e-02 8.374434173445194016e-03 9.996144847705604741e-01 -6.321327207451323815e-01
9.930247704536288023e-01 -1.138789743983404240e-01 -3.055131374108618209e-02 4.953699589742507570e+00 1.136776957084282696e-01 9.934834086415958998e-01 -8.252263529056514876e-03 4.112871794861297503e-01 3.129198793979653254e-02 4.721699204231185124e-03 9.994991331334593943e-01 -7.543743694691850132e-01
9.914641762763838351e-01 -1.243206576205683894e-01 -3.928306515445772334e-02 5.330951930020183305e+00 1.239321861880237907e-01 9.922158869010478943e-01 -1.218396122434159574e-02 4.938224340826002923e-01 4.049200600374078252e-02 7.211525057806016797e-03 9.991538377625807099e-01 -8.358677001147194474e-01
9.906473284484254016e-01 -1.308872829520532077e-01 -3.855369676236684862e-02 5.751704247127172209e+00 1.304560294836479839e-01 9.913620722226389459e-01 -1.350808122131804019e-02 5.463255160739570737e-01 3.998871543129994821e-02 8.352182536150522946e-03 9.991652234953820599e-01 -9.092314657149940249e-01
9.894079902789014724e-01 -1.396541459256159801e-01 -3.960487014932102118e-02 6.186079477517268721e+00 1.393006817968444055e-01 9.901826289536818093e-01 -1.156216972503620356e-02 6.246485932961980403e-01 4.083076622819412776e-02 5.922717764042735415e-03 9.991485225548670801e-01 -1.020181943290004778e+00
9.880817799702473758e-01 -1.480054707707696982e-01 -4.229389819344919060e-02 6.575023696644491267e+00 1.474795285408993517e-01 9.889465494478278940e-01 -1.531383988813744823e-02 7.121470716904474418e-01 4.409294415557495073e-02 8.893842169796484926e-03 9.989878437967163460e-01 -1.119070707971034251e+00
9.866011911231069575e-01 -1.565547707767764030e-01 -4.592047643649808941e-02 6.928312248874018309e+00 1.554829978728554940e-01 9.874944321072788300e-01 -2.607272491076187762e-02 7.943969493325439002e-01 4.942803255733764500e-02 1.858352860254954692e-02 9.986047878486875584e-01 -1.111976504528667364e+00
9.837549689561060351e-01 -1.690789762406986751e-01 -6.031962300628865986e-02 7.299887504304477304e+00 1.669721564434239192e-01 9.852118287707612998e-01 -3.844417936318178519e-02 8.904834707449672537e-01 6.592771910753623954e-02 2.774795571991739082e-02 9.974385130238136998e-01 -1.110619908251025967e+00
9.817275114276983183e-01 -1.806580818416441969e-01 -5.978081906858231237e-02 7.766725079424728229e+00 1.782040775962943080e-01 9.830024464922525462e-01 -4.415315288378617725e-02 9.988631493238840919e-01 6.674132635412508008e-02 3.269318012507982374e-02 9.972345520669458896e-01 -1.206669383763477654e+00
9.800541689619042263e-01 -1.872745147912832364e-01 -6.649870046072745011e-02 8.190188360414191848e+00 1.842212999138111984e-01 9.816394170750276649e-01 -4.946283223859543332e-02 1.112753426539581092e+00 7.454088549882736947e-02 3.622577895291802935e-02 9.965597573432128931e-01 -1.305710889729415181e+00
9.793196727086511677e-01 -1.917461588320690524e-01 -6.454753410618546683e-02 8.609293984175831582e+00 1.888474646083246611e-01 9.808122995526032950e-01 -4.841355856407422026e-02 1.203945640775708759e+00 7.259214124155888292e-02 3.522271318528356898e-02 9.967395558160225821e-01 -1.436751635625121981e+00
9.770967408846741309e-01 -1.987111585755217125e-01 -7.613034082835891392e-02 8.982819527423330896e+00 1.954701338790366949e-01 9.795360446200208626e-01 -4.796424564186932415e-02 1.314950528635314697e+00 8.410345731818238968e-02 3.198450108339306180e-02 9.959435732129834351e-01 -1.515920508085428775e+00
9.745581310464256353e-01 -2.083773537744984528e-01 -8.255496000619000352e-02 9.367749213405581088e+00 2.046184307586494389e-01 9.774737545928131599e-01 -5.173356851058579647e-02 1.451754952304282975e+00 9.147542553789171638e-02 3.352510441228318677e-02 9.952428421999470753e-01 -1.583141059408955886e+00
9.731918797482795869e-01 -2.146874328682816524e-01 -8.250372581525017290e-02 9.757068379468575969e+00 2.107387275905340529e-01 9.760490704879083435e-01 -5.401301936330249465e-02 1.556227081321587491e+00 9.212361630220507192e-02 3.517830264380431005e-02 9.951259857069757464e-01 -1.720183060255286778e+00
9.712230107611349306e-01 -2.232724436983436755e-01 -8.291726144106158214e-02 1.007219483444882258e+01 2.197549234652281247e-01 9.742992431844045287e-01 -4.948499106509775952e-02 1.686041040028816163e+00 9.183487479466702352e-02 2.983948635914723466e-02 9.953270627822763394e-01 -1.736308594976222919e+00
9.689789455846611332e-01 -2.329063607433365934e-01 -8.267056644569083235e-02 1.048951814591830178e+01 2.298894704272533007e-01 9.722015748357861753e-01 -4.444025035219031916e-02 1.804851489223241456e+00 9.072288660287035345e-02 2.405657477620851484e-02 9.955855764986046852e-01 -1.802066501272759913e+00
9.650028378350181679e-01 -2.494650144099469502e-01 -8.084999135941338400e-02 1.095774155636666514e+01 2.463954582445086472e-01 9.680719857271395945e-01 -4.610765772033083298e-02 1.924367342481159149e+00 8.977087390114606158e-02 2.457295044802025250e-02 9.956592596724244126e-01 -1.931178566007179409e+00
9.616450720809114339e-01 -2.621731263575349247e-01 -8.064736795365935740e-02 1.145264045578388767e+01 2.589053911862488899e-01 9.646693259639481655e-01 -4.879649804491633519e-02 2.091065905450067319e+00 9.059118726836908053e-02 2.604487412968478632e-02 9.955475389857445512e-01 -1.925688143107398220e+00
9.587009870601463923e-01 -2.743268991936216872e-01 -7.508102232134654386e-02 1.188184182909818176e+01 2.710817759122206017e-01 9.612227461993478883e-01 -5.065088302963902112e-02 2.222634278605438052e+00 8.606450056101810908e-02 2.820595533890780590e-02 9.958902182563126315e-01 -2.067283471954685314e+00
9.570428037255470644e-01 -2.773424188761459686e-01 -8.455911669754992421e-02 1.221988350071430851e+01 2.734145833102823442e-01 9.603123055431834754e-01 -5.517925941940489409e-02 2.393022939815193872e+00 9.650672525816871017e-02 2.968921819297411571e-02 9.948894428604870832e-01 -1.927103601028525182e+00
9.546515284638893428e-01 -2.847644917478788229e-01 -8.688862157055185498e-02 1.262979470593390730e+01 2.805336272615480686e-01 9.581025894865057291e-01 -5.779551611734413258e-02 2.563223849114954600e+00 9.970634032589778539e-02 3.079939835894212816e-02 9.945401168745880982e-01 -1.991472744876340961e+00
9.510795207296701692e-01 -2.967609671549021888e-01 -8.591077887677041336e-02 1.310704980843424927e+01 2.923891530715243547e-01 9.544193637718610956e-01 -5.993556290845657858e-02 2.753549606943843209e+00 9.978146295525193443e-02 3.188410731913082774e-02 9.944983985377212621e-01 -2.108651929419920634e+00
9.468004055900332006e-01 -3.089854135134802449e-01 -8.998329582139508176e-02 1.351324553175822629e+01 3.044685095839292366e-01 9.505954049829116181e-01 -6.055835226300226859e-02 2.893962580404788820e+00 1.042493720814999525e-01 2.993959317968643286e-02 9.941004429360492667e-01 -2.156610575389909190e+00
9.428806070336127609e-01 -3.205915195957899644e-01 -9.053852721534978720e-02 1.394735195499807823e+01 3.163029966674291149e-01 9.468412589812295055e-01 -5.868608673979373164e-02 3.044638542015472016e+00 1.045398919281373962e-01 2.669636614196231258e-02 9.941623189979984510e-01 -2.178103451253222467e+00
9.408305853727670920e-01 -3.268353018183397518e-01 -8.953480340189366726e-02 1.434120377925514589e+01 3.228618711444777856e-01 9.447782207391944853e-01 -5.616349811797274882e-02 3.210179643712687714e+00 1.029467632041712460e-01 2.393296307814493651e-02 9.943989032138279560e-01 -2.211394839640783427e+00
9.361798856014627024e-01 -3.383687454609923262e-01 -9.525648952535513414e-02 1.470817996056584676e+01 3.341140368519943671e-01 9.407445569695712662e-01 -5.803018606030210108e-02 3.352915643396682910e+00 1.092476431747601562e-01 2.250016305130406527e-02 9.937598788323657173e-01 -2.169405006906145683e+00
9.321440326085945749e-01 -3.483872611576281364e-01 -9.866003601959455471e-02 1.508163044466423663e+01 3.437344016983504003e-01 9.370622058121862441e-01 -6.132779061109291247e-02 3.505088775915994770e+00 1.138164305884290239e-01 2.325348596637922399e-02 9.932296297052666256e-01 -2.142005088338994057e+00
9.277681657725976860e-01 -3.590484909057868324e-01 -1.016385492576923760e-01 1.548493068036841258e+01 3.541024272134903894e-01 9.330317934917558009e-01 -6.374291047994271042e-02 3.676223827132228283e+00 1.177188130449445397e-01 2.314818649655923585e-02 9.927771373701594904e-01 -2.128488986017329054e+00
9.221927640711691243e-01 -3.723204507081516734e-01 -1.045847482603664280e-01 1.585478321913577737e+01 3.670566891155815359e-01 9.278218045739246023e-01 -6.645376070147168690e-02 3.832263851986944747e+00 1.217781238903962449e-01 2.289464615779804313e-02 9.922932660327180576e-01 -2.050028569131584710e+00
9.141979922732190733e-01 -3.907043769656982080e-01 -1.076666182027210816e-01 1.632371328657697518e+01 3.850861378102357069e-01 9.202479466022103205e-01 -6.965917869786716898e-02 4.048328740192704167e+00 1.262961510141583643e-01 2.222135938581090708e-02 9.917436643141220864e-01 -2.117799537103137730e+00
9.074371803701082317e-01 -4.051544973380010739e-01 -1.113892966518298805e-01 1.677157662064217547e+01 3.989863801612823502e-01 9.139662440854889880e-01 -7.399724536463075930e-02 4.242729032233995667e+00 1.317863954357789691e-01 2.270503966451952946e-02 9.910180773614387650e-01 -2.127917858754667435e+00
9.040712604358659421e-01 -4.109509522612136423e-01 -1.173645964637718281e-01 1.716896020982007087e+01 4.040541782626141942e-01 9.113505733125131236e-01 -7.861535021103889520e-02 4.359693446459322885e+00 1.392673680003229386e-01 2.365222344539496743e-02 9.899723103856061801e-01 -2.086994721733449243e+00
8.998986217982358760e-01 -4.171422967149562844e-01 -1.271799959943338276e-01 1.758382830590260681e+01 4.095364584504242456e-01 9.085758925190040580e-01 -8.227853309700774997e-02 4.522118018858536814e+00 1.498745589296480440e-01 2.195749360410938558e-02 9.884611718763701704e-01 -1.943907246550237833e+00
8.936592033514823008e-01 -4.279304498177560756e-01 -1.350878735888027815e-01 1.802979137537185750e+01 4.197542353025874307e-01 9.035955643507876944e-01 -8.556552637813770457e-02 4.749549338033428825e+00 1.586809232550764059e-01 1.976271318584438969e-02 9.871321104322177131e-01 -1.821890626971517602e+00
8.873349639888747920e-01 -4.382376802599445842e-01 -1.434725445079083617e-01 1.845319982591168184e+01 4.294632558402959877e-01 8.986922395603674785e-01 -8.895837615102292206e-02 4.943660624419647043e+00 1.679226018540616039e-01 1.731969143495092414e-02 9.856480265371377891e-01 -1.638613012426265891e+00
8.807459305013025652e-01 -4.492739044605647547e-01 -1.497983210658724862e-01 1.886140189643959886e+01 4.399096378244487515e-01 8.932570936310444409e-01 -9.258130741687170540e-02 5.159845371601423203e+00 1.754028066553462717e-01 1.564288451087668744e-02 9.843724702163173523e-01 -1.509355176949346955e+00
8.749160279359385894e-01 -4.577977634015782948e-01 -1.579339192249961943e-01 1.924021907044423685e+01 4.478121541354094792e-01 8.889571041811081820e-01 -9.601856940507533245e-02 5.394252345436969520e+00 1.843535954399292687e-01 1.328345662754018379e-02 9.827702206791750772e-01 -1.334792046841452029e+00
8.699279726979363137e-01 -4.656982453787598120e-01 -1.623281750780649069e-01 1.963696087505827848e+01 4.553966682387486919e-01 8.848702136477396563e-01 -9.807448435590707114e-02 5.601984433706115318e+00 1.893125127062831314e-01 1.139402702695777904e-02 9.818507799135389735e-01 -1.137897822861127839e+00
8.656179461951366561e-01 -4.723327302455831989e-01 -1.661545427476956716e-01 2.002895859974231030e+01 4.620952478801208518e-01 8.813823537584867251e-01 -9.814863249178813753e-02 5.792380319272215417e+00 1.928045244483790333e-01 8.179992725975842455e-03 9.812030924271036847e-01 -9.545003803006774090e-01
8.599954411681657307e-01 -4.807814338888911077e-01 -1.710468406977956324e-01 2.041848321853847281e+01 4.701942070626398684e-01 8.768197729978164379e-01 -1.005212408353006320e-01 5.982277345327192464e+00 1.983060301358810229e-01 6.022574786443659484e-03 9.801216520752441541e-01 -8.865037187931387175e-01
8.562563919878537488e-01 -4.865685730115795748e-01 -1.734242826130253379e-01 2.082374918825835408e+01 4.758574895244955250e-01 8.736307982986194487e-01 -1.016312210913692116e-01 6.185608742954805450e+00 2.009593850017908356e-01 4.497138430046536059e-03 9.795892544317222894e-01 -6.912243378565549046e-01
8.506838963445592094e-01 -4.948460886978985895e-01 -1.773815738226265648e-01 2.123048004496217089e+01 4.838955538018093194e-01 8.689776943303004764e-01 -1.035513778474225072e-01 6.406002769096953209e+00 2.053826582133543022e-01 2.255334093192837026e-03 9.786791524662061814e-01 -5.616375594899470913e-01
8.471276657426521917e-01 -4.997626298466730232e-01 -1.805879195337958820e-01 2.163156523891505856e+01 4.886839980678633344e-01 8.661622976120394446e-01 -1.046463226879700836e-01 6.590911101035553443e+00 2.087168022095394204e-01 3.983678780412794980e-04 9.779760448670637984e-01 -4.484209226019041372e-01
8.443129176863490848e-01 -5.056703886973805684e-01 -1.772938786276807843e-01 2.203585175497834925e+01 4.952619447494078786e-01 8.627252239402443124e-01 -1.020824348184185132e-01 6.829493853751016808e+00 2.045759984995784153e-01 -1.617393482412784588e-03 9.788493506077442508e-01 -3.035879497248677450e-01
8.413682333820342585e-01 -5.127727274671518565e-01 -1.707735041583123559e-01 2.240652312595983631e+01 5.033697815947635323e-01 8.585165632028575189e-01 -9.781719712806045963e-02 7.003079375569233989e+00 1.967699045534556379e-01 -3.661940004984762850e-03 9.804428594832836907e-01 -1.393757184784771841e-01
8.391083021982996826e-01 -5.185812809846394034e-01 -1.642275120899424623e-01 2.276250697819413205e+01 5.101444378842562299e-01 8.550108100399428368e-01 -9.332308609415343459e-02 7.199228959621880364e+00 1.888119342017521296e-01 -5.471576455078439906e-03 9.819980248232387243e-01 9.362561246090481126e-02
8.348851928765401720e-01 -5.242287965106482428e-01 -1.677821393344530732e-01 2.314558941957709592e+01 5.161358897607835061e-01 8.515236133699475296e-01 -9.225676720002450037e-02 7.464449628633140321e+00 1.912341384678470646e-01 -9.574575980109001003e-03 9.814977520784986531e-01 2.343412824368452108e-01
8.321910721697005631e-01 -5.305478498662439257e-01 -1.611736970028838645e-01 2.354953585866831745e+01 5.232273548469530411e-01 8.475874530962808073e-01 -8.847981286191185235e-02 7.736810066704248534e+00 1.835516075765189214e-01 -1.069837797921589610e-02 9.829518590461630012e-01 3.681079927208031899e-01
8.276158186669612116e-01 -5.389619430789066579e-01 -1.567547189398615370e-01 2.396577061581578860e+01 5.319173728594959183e-01 8.422591757990384176e-01 -8.754097990422046727e-02 8.067837268369634884e+00 1.792093861332381133e-01 -1.093025971568328814e-02 9.837502377389445440e-01 4.329977056650996525e-01
8.257708759967238299e-01 -5.432980834243000823e-01 -1.514252752019658310e-01 2.438673071421333560e+01 5.369780778347065242e-01 8.394493717538588085e-01 -8.354238865538522740e-02 8.365309824490092083e+00 1.725022999017520320e-01 -1.232518301470648253e-02 9.849320032128914271e-01 5.240665200444583061e-01
8.217791772214605439e-01 -5.496622043808975233e-01 -1.501679233939788027e-01 2.480051984171371160e+01 5.436943597089137770e-01 8.352656097106700983e-01 -8.202341048310950178e-02 8.680572800987766513e+00 1.705152985552620404e-01 -1.424032352135067361e-02 9.852521254061958889e-01 5.353922826837251847e-01
8.206925717444450985e-01 -5.531933133392311630e-01 -1.429713989202542612e-01 2.515186333224658455e+01 5.481101996104351670e-01 8.329061904414748474e-01 -7.643639820622240288e-02 8.927929761498768713e+00 1.613658940712663081e-01 -1.563329919329758608e-02 9.867708205086531681e-01 7.176545336603394887e-01
8.213353249974274517e-01 -5.542030602487876267e-01 -1.351562513242072772e-01 2.554469303990103413e+01 5.499026212988386009e-01 8.322240890049871220e-01 -7.078282966083355998e-02 9.207748235410011972e+00 1.517083739642572093e-01 -1.618633992727489326e-02 9.882927578576903294e-01 8.521940668112443218e-01
8.228647879558037559e-01 -5.536826681821910290e-01 -1.277849930493946962e-01 2.589774827667897128e+01 5.500498865161971285e-01 8.325651813681933522e-01 -6.542459266785474736e-02 9.474257788106410061e+00 1.426138225988690389e-01 -1.645252881500468278e-02 9.896416599294359795e-01 9.891685561989581599e-01
8.253380195187280943e-01 -5.520631505232774794e-01 -1.185048214084352541e-01 2.631189266759655609e+01 5.490730092109948890e-01 8.336502863880095315e-01 -5.954885940054138044e-02 9.770194267434709090e+00 1.316663312378863748e-01 -1.591986266384063514e-02 9.911662513988763745e-01 1.112706551620082696e+00
8.258988204254885668e-01 -5.529485392665829391e-01 -1.101771885323770822e-01 2.670101164020736917e+01 5.503790611843791813e-01 8.330810540499463679e-01 -5.530716635918261209e-02 1.003067413677358033e+01 1.223685658071117233e-01 -1.496109556224608193e-02 9.923719575287559547e-01 1.171285047878512176e+00
8.286009189108445305e-01 -5.502889590680150045e-01 -1.029686399856171997e-01 2.709847568470701873e+01 5.478114610164976916e-01 8.348873160902721136e-01 -5.353324708881623817e-02 1.032891395755680897e+01 1.154259858577353776e-01 -1.204970471221661690e-02 9.932429956996184917e-01 1.202869091250213351e+00
8.310793911693685754e-01 -5.482008439728626170e-01 -9.371682281266760506e-02 2.748508073213826108e+01 5.462679585747232114e-01 8.362642566147995282e-01 -4.747047844432843167e-02 1.061238250430251995e+01 1.043954033961365102e-01 -1.174276247973414337e-02 9.944665449452595452e-01 1.233635080456910060e+00
8.392738235305332584e-01 -5.360337225168679831e-01 -9.103439899989283768e-02 2.782582617322508867e+01 5.341862973209574594e-01 8.441334854232914742e-01 -4.564748289125360181e-02 1.083111155107562418e+01 1.013137921123562629e-01 -1.031859228337026792e-02 9.948010071442850988e-01 1.394552582209181102e+00
8.472147672946227503e-01 -5.237387707438722062e-01 -8.902136831269169548e-02 2.817677667285978416e+01 5.221889024667348833e-01 8.518065640027632224e-01 -4.176553981576477947e-02 1.105792204228793096e+01 9.770323521447490944e-02 -1.110158977470997350e-02 9.951536735937110967e-01 1.386651605874729354e+00
8.545564118132101816e-01 -5.132408544246844784e-01 -7.948038645432486948e-02 2.853996714160272674e+01 5.122392699867301946e-01 8.581663491517070863e-01 -3.408047680670692886e-02 1.126179759219432874e+01 8.569890114850932383e-02 -1.158928642123257559e-02 9.962536765211410517e-01 1.592787215458635997e+00
8.624477632712794772e-01 -5.005459446165261284e-01 -7.508383353154314543e-02 2.889821255232850206e+01 4.995813337285384681e-01 8.656578562845477220e-01 -3.248071344541507421e-02 1.147948962991174504e+01 8.125501415484169543e-02 -9.497564200510455468e-03 9.966480923733430641e-01 1.693992022497910588e+00
8.707816215677222083e-01 -4.869360511001575298e-01 -6.806335696100224153e-02 2.927605758947144565e+01 4.860417508399334507e-01 8.734116505988137602e-01 -3.025778250290351093e-02 1.168031297836369120e+01 7.418094734182711925e-02 -6.733713296240958525e-03 9.972220640647929679e-01 1.643280468647584813e+00
8.784013296696888684e-01 -4.737426876654949881e-01 -6.307885877841795663e-02 2.964760769073718905e+01 4.728112556729860971e-01 8.806561187266490620e-01 -2.990558338825571871e-02 1.188398706439348373e+01 6.971834699233343813e-02 -3.555291101541101402e-03 9.975603805229452670e-01 1.653550434777372402e+00
8.876302328270784248e-01 -4.567378086356207456e-01 -5.918714726503569723e-02 3.000044081621518188e+01 4.557683557013632036e-01 8.896011608629688094e-01 -2.974904300721968944e-02 1.203246586264524076e+01 6.624047966969932866e-02 -5.694795591967641030e-04 9.978035253750547895e-01 1.530127869611778157e+00
8.978681215399082483e-01 -4.365046059169005455e-01 -5.741552054989218501e-02 3.035800995662740931e+01 4.353671197514813462e-01 8.996954012576759974e-01 -3.168089178175990256e-02 1.219381897122079828e+01 6.548534690650795187e-02 3.448432421606219093e-03 9.978475726928602851e-01 1.457275480282617330e+00
9.096565354956495097e-01 -4.125310254342456351e-01 -4.840578218846215697e-02 3.074045953252821661e+01 4.114116521136633176e-01 9.109004098637881741e-01 -3.163726117439483870e-02 1.236986786544080097e+01 5.714420925472070423e-02 8.864338238684493429e-03 9.983265815099858775e-01 1.441031344381175527e+00
9.188886052510414348e-01 -3.924870585730160788e-01 -3.997025515666409456e-02 3.114554279982087692e+01 3.915091347167406477e-01 9.196775392665108573e-01 -3.022978250140698209e-02 1.253447428297847743e+01 4.862455363122134000e-02 1.212908247700532176e-02 9.987434798190032437e-01 1.398573046533628794e+00
9.253169896962809560e-01 -3.780918572305174696e-01 -2.889634589505242837e-02 3.159839692336334949e+01 3.773229968268749790e-01 9.256345276409509992e-01 -2.877663286135187168e-02 1.270868112346749257e+01 3.762767366904059413e-02 1.572425142304048618e-02 9.991681071126876645e-01 1.310503780018104747e+00
9.315509139491777724e-01 -3.629068521372700862e-01 -2.261626579823925939e-02 3.194440604037728093e+01 3.622228934022668767e-01 9.316276005715592445e-01 -2.940417179403173251e-02 1.280430483808476794e+01 3.174091955663983083e-02 1.919935397559302884e-02 9.993117125955126578e-01 1.131286600925097918e+00
9.402257881737030587e-01 -3.401339270183336705e-01 -1.686312478058043032e-02 3.234436940876283018e+01 3.395798126843268538e-01 9.401307034321779721e-01 -2.897973956488968453e-02 1.293773212584154031e+01 2.571053974304532419e-02 2.152112193216903363e-02 9.994377466815075328e-01 1.100733338324064059e+00
9.475978807324348940e-01 -3.192344556490809282e-01 -1.214934101186996088e-02 3.275229371477312412e+01 3.187827385714871453e-01 9.473735700123194770e-01 -2.934104397442686626e-02 1.304091154780096673e+01 2.087664177337363730e-02 2.393051122677309142e-02 9.994956210277605724e-01 9.255376591450960033e-01
9.537018095851246269e-01 -3.007371717269347600e-01 -3.162444917264426239e-03 3.316046933094800409e+01 3.005349566930383132e-01 9.533561438899570417e-01 -2.812141147149034570e-02 1.315177960479574892e+01 1.147209360467779660e-02 2.586901618874294997e-02 9.995995123071407251e-01 8.446386367225355851e-01
9.589914551602997106e-01 -2.831901311406503918e-01 1.177832341251676754e-02 3.363085593623362257e+01 2.834053555020165649e-01 9.586638527091463358e-01 -2.539747827371112432e-02 1.329179826793509100e+01 -4.099136534771180215e-03 2.769400511080441149e-02 9.996080427241095245e-01 8.287184197615300452e-01
9.648728726674458134e-01 -2.618177159814020216e-01 2.172130111220622883e-02 3.395651581377081385e+01 2.622955512505391051e-01 9.647085456196273778e-01 -2.320504950690426352e-02 1.335594599205124489e+01 -1.487923223049439185e-02 2.808732400041298247e-02 9.994947276611388931e-01 7.913819486929783986e-01
9.706996691382620002e-01 -2.381335831050812590e-01 3.216429724063300105e-02 3.439881249091261139e+01 2.389451665078682618e-01 9.707297224067827912e-01 -2.426974674907702786e-02 1.343012919184008780e+01 -2.544339973570257027e-02 3.124413923005280383e-02 9.991878888240440793e-01 6.994144930126956483e-01
9.759460012086469405e-01 -2.139757066510190875e-01 4.175875947486492462e-02 3.478682682039886487e+01 2.150415427453432615e-01 9.763361483396395535e-01 -2.290995775255262948e-02 1.346874303082640978e+01 -3.586841573882031120e-02 3.133875047751248644e-02 9.988650256950986073e-01 7.659790438017434200e-01
9.799486921286155727e-01 -1.938261495800032153e-01 4.617336609963203220e-02 3.517735035281041434e+01 1.950338342703953620e-01 9.805214721975749059e-01 -2.322608216955071928e-02 1.351306132565437146e+01 -4.077215937933495460e-02 3.176573828122057630e-02 9.986633912532277835e-01 6.271630678181052687e-01
9.838391003369161281e-01 -1.728006345464287441e-01 4.691014239038596850e-02 3.560754357102527479e+01 1.740669499755926608e-01 9.844321441459216171e-01 -2.437323113052706006e-02 1.352949182285466634e+01 -4.196814697938035243e-02 3.214484404206607859e-02 9.986017142926023604e-01 4.878792145671213554e-01
9.872167640336267924e-01 -1.514517162825952112e-01 4.965315033927006350e-02 3.599465289575981330e+01 1.527810228782091329e-01 9.879650240286530494e-01 -2.414691326551564321e-02 1.351806867755248476e+01 -4.539848977254780371e-02 3.142429753502613138e-02 9.984745819740084016e-01 2.782914190338999783e-01
9.906444309690740635e-01 -1.293200479560318306e-01 4.358823625445938654e-02 3.632792709344830229e+01 1.304877712816946700e-01 9.911323694236565673e-01 -2.509123654066294437e-02 1.349927579872190186e+01 -3.995691649642504201e-02 3.054422640523517946e-02 9.987344467807071080e-01 1.160760017535196476e-01
9.935641424071444128e-01 -1.057203306620231181e-01 4.066331309898917057e-02 3.675245120161488188e+01 1.067992899164439263e-01 9.939576486168644198e-01 -2.533981133665130087e-02 1.352662384671981854e+01 -3.773868207319438367e-02 2.951954174579859980e-02 9.988515348316349129e-01 6.717648209187289388e-02
9.956031372213450803e-01 -8.509202707190265114e-02 3.916297989542929375e-02 3.713878161903443953e+01 8.601074817614122459e-02 9.960423371606820231e-01 -2.240122447325374258e-02 1.354493585660094901e+01 -3.710182455985508443e-02 2.567116732258903009e-02 9.989817044813876779e-01 4.062394765832698373e-02
9.968027140735228331e-01 -6.755355548304665947e-02 4.267160115101469031e-02 3.761985183573964520e+01 6.847450834333132508e-02 9.974422098350933519e-01 -2.050074379713631711e-02 1.358191260426164249e+01 -4.117756283410886620e-02 2.335711466936781638e-02 9.988787982901468077e-01 -9.301986318609900550e-02
9.978429614621591170e-01 -4.705757912228020201e-02 4.577125714722185545e-02 3.800442098559040716e+01 4.795594952819235562e-02 9.986738143744563478e-01 -1.873071931857593977e-02 1.352646070414268387e+01 -4.482913908872009773e-02 2.088532118262749482e-02 9.987763272438394679e-01 -1.080986901019225788e-01
9.987321356903635650e-01 -2.422424401457026061e-02 4.412829967649235102e-02 3.843276852548763145e+01 2.506307161986731299e-02 9.995136470457816058e-01 -1.855564687750133404e-02 1.353292269352629695e+01 -4.365734651008312123e-02 1.963811220639071625e-02 9.988535332301042846e-01 -1.974426340149807724e-01
9.990192482442171729e-01 -2.811716278237261484e-03 4.418863750087690528e-02 3.881069776378988934e+01 3.548236866888929315e-03 9.998559472213660593e-01 -1.659804071736179637e-02 1.347719144805356528e+01 -4.413560841929278084e-02 1.673855447470565250e-02 9.988853132771406962e-01 -3.857960384798923559e-01
9.984915039573352136e-01 1.662951041205277744e-02 5.232757913379298270e-02 3.919211710662120396e+01 -1.590801662757833704e-02 9.997729835741605564e-01 -1.417449917947311532e-02 1.345276552230282974e+01 -5.255142164663940962e-02 1.332068946046659555e-02 9.985293724569396234e-01 -3.807370051794690680e-01
9.978072998988386511e-01 3.657709435866484532e-02 5.516074645456063574e-02 3.968561100294135713e+01 -3.599796363047094716e-02 9.992861910746411169e-01 -1.145666461251564419e-02 1.343646365643652274e+01 -5.554043093351312271e-02 9.445869381503586501e-03 9.984117569853462326e-01 -4.247113314948233187e-01
9.966371960039484001e-01 5.602307687650551205e-02 5.979727099517474082e-02 4.006684339834423980e+01 -5.565044381048362548e-02 9.984192152617664684e-01 -7.880296892379951360e-03 1.338188508647034780e+01 -6.014423083863939395e-02 4.526052521117315125e-03 9.981794361975350194e-01 -4.483690178783882874e-01
9.951075631453831782e-01 7.880486501490793771e-02 5.958800150966746256e-02 4.042474573351297096e+01 -7.864827657425424445e-02 9.968900261039945754e-01 -4.972442436721138947e-03 1.334948771619373886e+01 -5.979454499288280878e-02 2.616215227070303501e-04 9.982106713798798436e-01 -4.574891326470129083e-01
9.932984773390600708e-01 9.700319160693383902e-02 6.283720428909080058e-02 4.086138144003798089e+01 -9.697158810569070364e-02 9.952807842399600258e-01 -3.559876699421577959e-03 1.327984489338401630e+01 -6.288598985086836513e-02 -2.557403395093670647e-03 9.980174410059664547e-01 -4.185906512989678863e-01
9.912159556581976450e-01 1.182017511486857797e-01 5.932346381349519471e-02 4.123667008399237943e+01 -1.182383627645967328e-01 9.929809919238401505e-01 -2.905321321710169994e-03 1.320704270076161180e+01 -5.925049395323238322e-02 -4.134508431431729164e-03 9.982345843182480749e-01 -4.184606612114181168e-01
9.881845857402675737e-01 1.392135952394100429e-01 6.411549562128407431e-02 4.163170444426108219e+01 -1.393500494860884786e-01 9.902403709966415279e-01 -2.360849929158568596e-03 1.313778523317776248e+01 -6.381842329646754408e-02 -6.601542092299427823e-03 9.979396921203484982e-01 -4.028147348691217822e-01
9.850020024861627643e-01 1.588056279310659236e-01 6.746720885708913651e-02 4.205624089464439663e+01 -1.590770401014890700e-01 9.872652303873782342e-01 -1.364957099902895394e-03 1.306566699131244746e+01 -6.682480157585196645e-02 -9.387998605968497431e-03 9.977205581049840566e-01 -3.025800154857988811e-01
9.821603807233842964e-01 1.747324125377551218e-01 6.949508273140440895e-02 4.245946381606726305e+01 -1.750383947537375584e-01 9.845601257048521848e-01 -1.709609599865970870e-03 1.299528170359700319e+01 -6.872082113667384029e-02 -1.048519713034994777e-02 9.975808288627647791e-01 -2.794597702006867967e-01
9.793116124031221448e-01 1.883100346035151140e-01 7.408165757629667225e-02 4.286315238173193620e+01 -1.886500047256428336e-01 9.820413445429165833e-01 -2.444878225175805241e-03 1.288996282209768829e+01 -7.321165595645631741e-02 -1.158120766570218743e-02 9.972491814431431179e-01 -1.801566527441238741e-01
9.766519741138889321e-01 1.993444249928149059e-01 8.007943782768905949e-02 4.328635347996525695e+01 -1.998239865197053711e-01 9.798296423140767653e-01 -2.061806718983217809e-03 1.279772710083408782e+01 -7.887522771673721733e-02 -1.398812523278018284e-02 9.967863521186461906e-01 -1.971978513807874644e-01
9.736730214403300776e-01 2.091993795478152840e-01 9.053430761535991023e-02 4.367022851916953385e+01 -2.098776084245410067e-01 9.777254772789935044e-01 -2.070174176270631917e-03 1.274422705806172651e+01 -8.895079093578768525e-02 -1.698545165328005715e-02 9.958911850439307045e-01 -1.543773120142135080e-01
9.698743286852444800e-01 2.209625883993739104e-01 1.025637074647474251e-01 4.407329868740509227e+01 -2.217989561262714016e-01 9.750867654511891081e-01 -3.320930482203675142e-03 1.262197836030740206e+01 -1.007423296686031228e-01 -1.952763853670559310e-02 9.947208934815358061e-01 -1.440444643092504973e-01
9.663311666446094961e-01 2.327713742282852827e-01 1.096428560207209912e-01 4.448061700830439236e+01 -2.337159019199432364e-01 9.722952586994088042e-01 -4.337443017492534185e-03 1.250011996693883809e+01 -1.076148772139432913e-01 -2.143387317543428081e-02 9.939615833072995565e-01 -1.833494547766251204e-01
9.629662130276118726e-01 2.441241243136089700e-01 1.144529417458949594e-01 4.492439386385272826e+01 -2.451246254627028054e-01 9.694761612867710543e-01 -5.467872603438181725e-03 1.238515914816896846e+01 -1.122942545103671752e-01 -2.278985851214597805e-02 9.934136221701418412e-01 -1.973861995811335701e-01
9.587285774327501953e-01 2.588129604380089432e-01 1.177087793023832291e-01 4.538569037000215189e+01 -2.598203181897384972e-01 9.656318007904339806e-01 -6.973906840049291615e-03 1.227554572600455529e+01 -1.154682947697198009e-01 -2.389704934369652270e-02 9.930236683985609325e-01 -3.050615372154471538e-01
9.552322018559297190e-01 2.687257727739754132e-01 1.237654602729483938e-01 4.582848072177381482e+01 -2.694858197526437960e-01 9.629429433498604141e-01 -1.087608458414553343e-02 1.215120212093981955e+01 -1.221017787148968303e-01 -2.296385089778256797e-02 9.922518931688776300e-01 -4.737261178498788916e-01
9.510554213589827999e-01 2.826386239366092124e-01 1.249359131971471693e-01 4.630078266897130135e+01 -2.831566562345073090e-01 9.589719821873370353e-01 -1.396619903598575289e-02 1.201448350913695151e+01 -1.237574457209953960e-01 -2.209380668255860047e-02 9.920665102138127578e-01 -6.135427551230149268e-01
9.458795515158812117e-01 2.974929829562867889e-01 1.296525610505677439e-01 4.677223226420127133e+01 -2.975599922122106333e-01 9.545078370484957331e-01 -1.930933350051840594e-02 1.186032122042670878e+01 -1.294987958392510574e-01 -2.031511183955166111e-02 9.913714544301277520e-01 -7.252323455512884598e-01
9.405727371656147362e-01 3.094241876324592133e-01 1.399270680849596382e-01 4.724102529343467438e+01 -3.090945428895545688e-01 9.507121354609550101e-01 -2.463757655403884389e-02 1.168625082937821347e+01 -1.406538445750334931e-01 -2.007726082448078528e-02 9.898552432563630932e-01 -8.674590802241433085e-01
9.364168222495824478e-01 3.176249048722720181e-01 1.491239081896993668e-01 4.775387422488393696e+01 -3.167973622657672128e-01 9.480214162346215501e-01 -2.991383141490722500e-02 1.151298653760865598e+01 -1.508740588356472789e-01 -1.923024628117155077e-02 9.883659339725452408e-01 -1.048592292328431430e+00
9.306115419640249575e-01 3.321601209925587606e-01 1.537263668733864497e-01 4.825447477004162522e+01 -3.311212292184958494e-01 9.430083559371800206e-01 -3.307544395875063742e-02 1.133614368306190912e+01 -1.559516150836407489e-01 -2.012167414840905846e-02 9.875597276383200063e-01 -1.196544816416724499e+00
9.261827849824806336e-01 3.419551866562400844e-01 1.589090368349288518e-01 4.871503537036417697e+01 -3.405102234456744981e-01 9.395086728118799968e-01 -3.709791082862393813e-02 1.119080312442617853e+01 -1.619822653924478106e-01 -1.975070574373428631e-02 9.865959959774427412e-01 -1.376381853442254055e+00
9.200989540398452071e-01 3.528379735561038566e-01 1.700683998505503058e-01 4.918259923671455169e+01 -3.508043961995430671e-01 9.354663018011371012e-01 -4.288459153967476289e-02 1.102164671973153887e+01 -1.742245953958689308e-01 -2.020267498400123152e-02 9.844986779393711807e-01 -1.443266176932934686e+00
9.115720259451823848e-01 3.649149476166728134e-01 1.894030144110712410e-01 4.963500558785122507e+01 -3.616798460628680156e-01 9.308148292709301774e-01 -5.264463747882879713e-02 1.084347995708752777e+01 -1.955099788483724010e-01 -2.051387475678409511e-02 9.804871416044127486e-01 -1.605334009243494675e+00
9.040510024376651188e-01 3.761911404080393595e-01 2.029088180177080203e-01 5.011147105543731328e+01 -3.714973490761345198e-01 9.263450515331563828e-01 -6.224613430823608407e-02 1.063742911495787702e+01 -2.113800553715846908e-01 -1.910640834901924587e-02 9.772171836573585457e-01 -1.848774724093222854e+00
9.001925777000915341e-01 3.791815019142403265e-01 2.141837720172684034e-01 5.061989459615327291e+01 -3.733808169209967831e-01 9.251420311249121120e-01 -6.854928214758942984e-02 1.041868164440622913e+01 -2.241430632506422049e-01 -1.826455721694641987e-02 9.743850884861711137e-01 -1.972713228790248463e+00
8.948970271580769520e-01 3.831755367350043184e-01 2.287701772862915373e-01 5.117037950005956048e+01 -3.755303018521118918e-01 9.235330307364393310e-01 -7.787008432203064434e-02 1.021596220120002663e+01 -2.411147626606562344e-01 -1.622442713218159860e-02 9.703609884264463581e-01 -2.168941157580080770e+00
8.885167350030149791e-01 3.908803941900554912e-01 2.403133428226401080e-01 5.163953006720312544e+01 -3.812225965227949431e-01 9.203365207888611899e-01 -8.746449191819377633e-02 9.976279472875377863e+00 -2.553573392223266181e-01 -1.389921205150810093e-02 9.667468390999119920e-01 -2.407005421463766393e+00
8.824821966449942767e-01 3.993927434546273858e-01 2.484161455190918022e-01 5.211109622130287988e+01 -3.874993221759970297e-01 9.167209608471256210e-01 -9.729836954182154163e-02 9.737734841130963659e+00 -2.665885904675349138e-01 -1.039700932373307206e-02 9.637543443399052556e-01 -2.625044296499362773e+00
8.801876865731721455e-01 3.963171437888119986e-01 2.611557572171979702e-01 5.270223269122086407e+01 -3.815518701765485687e-01 9.180989209270677964e-01 -1.072965921482541968e-01 9.502724683921226045e+00 -2.822903402191077604e-01 -5.203328372657646181e-03 9.593149123244235632e-01 -2.826908226696226656e+00
8.783984063644668661e-01 3.942938417584042066e-01 2.700899425684807897e-01 5.326393162798302683e+01 -3.764486718984057512e-01 9.189834221255541724e-01 -1.172854795999246358e-01 9.247922373090128545e+00 -2.944531662826848639e-01 1.348378395394827459e-03 9.556649661823085617e-01 -3.026745930463620837e+00
