1.000000000000000000e+00 0.000000000000000000e+00 0.000000000000000000e+00 0.000000000000000000e+00 0.000000000000000000e+00 1.000000000000000000e+00 0.000000000000000000e+00 0.000000000000000000e+00 0.000000000000000000e+00 0.000000000000000000e+00 1.000000000000000000e+00 0.000000000000000000e+00
9.999999998449357053e-01 1.679710099793550786e-05 5.290174776581832605e-06 -6.267052633859293564e-04 -1.679721555378640388e-05 9.999999996244538503e-01 2.165515491909739211e-05 -2.133912749116007035e-04 -5.289811030770825540e-06 -2.165524377594549361e-05 9.999999997515340855e-01 -1.877099890634781061e-04
9.999999994817769799e-01 3.215263531739056727e-05 -1.629187261422239846e-06 1.316081839775052047e-04 -3.215259601518644371e-05 9.999999991922640108e-01 2.411809645045581891e-05 -7.327362979197005188e-04 1.629962720466007814e-06 -2.411804405535741358e-05 9.999999997078315994e-01 3.116369698204835004e-03
9.999999996881782094e-01 3.715879484066241344e-06 2.469485423926925081e-05 1.243934112096666943e-03 -3.715227202201126085e-06 9.999999996442575645e-01 -2.641366883110841954e-05 -1.392553204027535902e-03 -2.469495238049435081e-05 2.641357707587783593e-05 9.999999993462411751e-01 3.188885800227581058e-03
9.999999997246021843e-01 -2.138203127129917886e-05 9.674943041930477621e-06 8.987626447662933060e-04 2.138194784242746440e-05 9.999999997342262636e-01 8.623211228766354273e-06 -1.511758860232248047e-03 -9.675127421131285199e-06 -8.623004357264037843e-06 9.999999999160178454e-01 3.125321576590068141e-03
9.999999992499815082e-01 3.644932103578224373e-05 1.309519088995981357e-05 8.274875289941974188e-04 -3.644955653276918579e-05 9.999999991740085026e-01 1.798368255238285264e-05 -1.644310508709168062e-03 -1.309453538612454009e-05 -1.798415985279541154e-05 9.999999997525514939e-01 3.125144816635839085e-03
9.999999986748753233e-01 4.422898017570093008e-05 2.634476497218710042e-05 7.553155476500705845e-04 -4.423048779159797535e-05 9.999999973842779166e-01 5.722856052987596829e-05 -1.580214144837555068e-03 -2.634223374240735993e-05 -5.722972569584647051e-05 9.999999980154226087e-01 3.185369657330738846e-03
9.999999955333893631e-01 7.677700192874820420e-05 5.512270936502650868e-05 8.739578571805850515e-04 -7.677950038183408972e-05 9.999999960252939912e-01 4.532461006606395225e-05 -1.664261816756607004e-03 -5.511922925825548541e-05 -4.532884215770130595e-05 9.999999974535832559e-01 4.651540857821601094e-03
9.999999878723404567e-01 9.912439322630149099e-05 1.201235768357325831e-04 1.345657952384726958e-03 -9.913671114373838673e-05 9.999999898285154565e-01 1.025420962920208607e-04 -8.590644630999122455e-04 -1.201134111908223651e-04 -1.025540037047635274e-04 9.999999875277223449e-01 3.188037669474396828e-03
9.999999906203627109e-01 1.061974013710468992e-04 8.649500799888927517e-05 1.353404648938294052e-03 -1.062085788356759749e-04 9.999999860093670145e-01 1.292323621744252552e-04 -3.610377903839889768e-04 -8.648128264773341208e-05 -1.292415474741484994e-04 9.999999879088049548e-01 3.125473620229967785e-03
9.999999924624201064e-01 8.772489963301976124e-05 8.590402599858858624e-05 1.735707698742317007e-03 -8.773943102649469630e-05 9.999999818417677488e-01 1.691693129878139629e-04 3.167999130937459995e-05 -8.588918407772049110e-05 -1.691768488830507338e-04 9.999999820011207241e-01 3.066401224373294099e-03
9.999999818411167141e-01 1.297114535597864815e-04 1.396162782934299532e-04 1.910243525571786016e-03 -1.297432460781617887e-04 9.999999656531901593e-01 2.277285854209098678e-04 1.204432356018969992e-04 -1.395867344922241502e-04 -2.277466955547641735e-04 9.999999643234924740e-01 3.128625384306360935e-03
9.999999903189844552e-01 1.390707127667009213e-04 -4.622524798484824464e-06 2.752885183525676915e-03 -1.390693658209868312e-04 9.999999482445771637e-01 2.901216200460292869e-04 7.383928797821681655e-04 4.662871979732929949e-06 -2.901209743857652095e-04 9.999999579040379505e-01 3.133748472464504154e-03
9.999933456859936287e-01 6.389142898276803850e-05 -3.647533634958469162e-03 6.390996508883972638e-03 -6.368085700990297167e-05 9.999999962992902613e-01 5.784607078546537452e-05 1.125656092483495957e-03 3.647537317328129226e-03 -5.761340779169972596e-05 9.999933460539695007e-01 1.698253380027380920e-03
9.999810269025890541e-01 -2.247861955590361538e-04 -6.155916342014304890e-03 2.484427143880907005e-02 2.258094369389663646e-04 9.999999608055748501e-01 1.655262724897807534e-04 1.708340760217196951e-03 6.155878892715644507e-03 -1.669131959467223412e-04 9.999810384677517705e-01 1.790795445344883991e-03
9.998832190910208473e-01 6.082353557262320468e-04 -1.527017452191148372e-02 5.874535138647730276e-02 -6.010617560320997282e-04 9.999997068519592691e-01 4.743635325816003469e-04 2.200900317149034890e-03 1.527045857016172403e-02 -4.651298180640221205e-04 9.998832915642251740e-01 2.074788410936890138e-03
9.999857129090848895e-01 -1.367388326544792271e-03 -5.167613266641037095e-03 1.246941276446875968e-01 1.369644151813305139e-03 9.999989682847704175e-01 4.330176578423303104e-04 2.939632381611545064e-03 5.167015831845207796e-03 -4.400892625691726835e-04 9.999865540440202594e-01 2.444836829340601980e-03
9.999984094100388132e-01 -1.743750248885704221e-03 -3.748499191833745583e-04 1.921659188132877893e-01 1.744333303836579849e-03 9.999972606342000248e-01 1.560777184915700545e-03 4.229814259417707945e-03 3.721272867276739760e-04 -1.561428565557150712e-03 9.999987117302288064e-01 3.192177818732488959e-03
9.999927887002005855e-01 3.599758752291415571e-03 -1.210076246095719574e-03 2.652119412904597184e-01 -3.600276077146312252e-03 9.999934284133430440e-01 -4.256081490653959402e-04 3.505262205209191961e-03 1.208536207315162288e-03 4.299616884377773516e-04 9.999991772862526496e-01 3.504611510265930995e-03
9.999861254865450855e-01 5.026778473477409165e-03 1.574907167565673966e-03 3.238594431319086198e-01 -5.024804607054511596e-03 9.999865883400358424e-01 -1.254782338364946381e-03 3.465487456139725985e-03 -1.581193558293659835e-03 1.246851328079242585e-03 9.999979725922932827e-01 4.303946477421050076e-03
9.999990402566453218e-01 -2.031992956870171791e-04 1.370472850692184413e-03 3.727340231938853776e-01 2.049642715504689308e-04 9.999991497264908435e-01 -1.287841582882117862e-03 2.833897199138846190e-03 -1.370209996912826432e-03 1.288121244854238808e-03 9.999982316325478626e-01 6.304640544840368378e-03
9.999936909946699481e-01 -7.488871879352194168e-04 -3.472339101574930392e-03 4.202207599944642880e-01 7.428051522252673584e-04 9.999981884444854030e-01 -1.752526248989164266e-03 2.888466022199053917e-03 3.473645255694270476e-03 1.749935920916795284e-03 9.999924357278460185e-01 6.704472656906546035e-03
9.999911711706586104e-01 7.346347356009013318e-04 -4.137377495449168913e-03 4.695599105257600159e-01 -7.384059793058543207e-04 9.999993132806888063e-01 -9.100520647627753906e-04 2.738841321473727951e-03 4.136706098374165128e-03 9.130990943496889844e-04 9.999910269160916521e-01 6.998485980147962394e-03
9.999832366334082678e-01 -5.746570946121729029e-03 -7.094889246577486784e-04 5.317990988240239858e-01 5.747010495781001635e-03 9.999832941820365750e-01 6.190534741293698224e-04 3.024269038547799937e-03 7.059196373563987256e-04 -6.231205370056915526e-04 9.999995566990327323e-01 7.643923436148725159e-03
9.999725717904262012e-01 -6.719716601053077679e-03 -3.114654979672631767e-03 5.954595024529965031e-01 6.726886430514812665e-03 9.999747355370315338e-01 2.297234553702441097e-03 5.285872249629620413e-03 3.099139524420211136e-03 -2.318123474990157508e-03 9.999925107908372857e-01 8.172941525003807328e-03
9.999538056711236855e-01 -9.448878043327363363e-03 -1.762165587806072695e-03 6.633443875638818099e-01 9.452964299982977159e-03 9.999526164419063612e-01 2.325153097939248667e-03 5.345356031114079087e-03 1.740112002076079798e-03 -2.341703377444544036e-03 9.999957442087001880e-01 8.744582583744886506e-03
9.998829133809070679e-01 -1.528403121100255918e-02 -7.469396565391269501e-04 7.320458113780716758e-01 1.528628821953046876e-02 9.998783036674306901e-01 3.115645617001919394e-03 6.888516022769408664e-03 6.992291318695948842e-04 -3.126698751462787633e-03 9.999948674035975538e-01 1.108845139503955926e-02
9.996626588305365102e-01 -2.597240483290427088e-02 -5.222124090190112267e-05 7.954167539705281342e-01 2.597243020496186466e-02 9.996566880890774831e-01 3.455260919996241877e-03 8.555529610106304972e-03 -3.753812268955928933e-05 -3.455451630771229962e-03 9.999940292046332058e-01 1.155589384484300916e-02
9.995200884493256055e-01 -3.097702150545411648e-02 1.300957449305070572e-04 8.555267106033568325e-01 3.097656293591121573e-02 9.995165295493422253e-01 2.675762754137888787e-03 8.179231509444662152e-03 -2.129200078604993483e-04 -2.670448705654779580e-03 9.999964116779522794e-01 1.194135994126100005e-02
9.993458000619496184e-01 -3.615576284731503859e-02 -8.559856719551203145e-04 9.149550891536364361e-01 3.615708017157984872e-02 9.993448746592086263e-01 1.577037043531437019e-03 9.945109107519556346e-03 7.984059167027146835e-04 -1.606955288561860359e-03 9.999983901200505398e-01 1.261942660653402916e-02
9.990621568114915751e-01 -4.299893626181773565e-02 -5.089037976174364680e-03 9.734673533254749600e-01 4.300255568289998442e-02 9.990747797403889408e-01 6.038968724804379736e-04 1.049373898010231079e-02 5.058362572008380173e-03 -8.221721508548513174e-04 9.999868684143030650e-01 1.298847844577722017e-02
9.986293481965571317e-01 -5.227191928426980910e-02 -2.659205681808447796e-03 1.039889057016097018e+00 5.227270650180036032e-02 9.986328216447808437e-01 2.273516217153700894e-04 1.345779797227920037e-02 2.643685967738750031e-03 -3.660438799381431616e-04 9.999964384618487134e-01 1.359954907775317960e-02
9.981994748266854733e-01 -5.997219006254331242e-02 1.069988238907361357e-03 1.112668119150981960e+00 5.996760615143639783e-02 9.981927148337724764e-01 3.897469082499927656e-03 1.832746680764784850e-02 -1.301794221613718043e-03 -3.826286958007205606e-03 9.999918323966048295e-01 1.602817230775599108e-02
9.973499012614390757e-01 -7.275399744074892427e-02 1.740982175751828315e-04 1.188447296612310078e+00 7.275214434073654091e-02 9.973368006514438111e-01 5.141163308713646470e-03 2.501487772099153864e-02 -5.476747415201766974e-04 -5.114872699659993478e-03 9.999867689772918844e-01 1.664512871400347996e-02
9.965493478303856234e-01 -8.294311183617894545e-02 -3.136484937663972655e-03 1.264542137069013972e+00 8.295527060753901671e-02 9.965453703407413100e-01 3.968366271499013456e-03 3.018915720380732984e-02 2.796500896308637060e-03 -4.214860776574826107e-03 9.999872071838573628e-01 1.702542948669361067e-02
9.954053408672111081e-01 -9.572200941680893138e-02 -2.346121531300237369e-03 1.345769101809537016e+00 9.573092442405335689e-02 9.953990542357312732e-01 4.038927521975996596e-03 3.748393648388059773e-02 1.948712895085946781e-03 -4.244966409753024236e-03 9.999890913296167749e-01 1.768633443509770933e-02
9.939554448342682313e-01 -1.096776991694449199e-01 -4.834872201905757345e-03 1.428322482925266979e+00 1.096895942218451270e-01 9.939633058262953291e-01 2.267066454567209267e-03 4.408271805766617035e-02 4.557038924452743757e-03 -2.783698216259718715e-03 9.999857421085971421e-01 1.988657771698854049e-02
9.922983887394882796e-01 -1.238118400844524236e-01 -3.812605397533340608e-03 1.515684330764230037e+00 1.238124954543025347e-01 9.923056292300174164e-01 -6.455847998424480154e-05 5.360490001291395856e-02 3.791262902204987038e-03 -4.079869127833093793e-04 9.999927299097155498e-01 2.083619196503149959e-02
9.907095478025176316e-01 -1.359834913260493383e-01 -1.755556808915173907e-03 1.604540245244606922e+00 1.359890587538642726e-01 9.907038627405726494e-01 3.582213023630381396e-03 6.583318387376380088e-02 1.252115078225873304e-03 -3.787669162806456269e-03 9.999920428534139205e-01 2.142351716702250997e-02
9.895597101454131073e-01 -1.440987715081904486e-01 -2.669102237922598743e-03 1.690191052479264044e+00 1.441088886474291009e-01 9.895533712996177345e-01 4.093111574810827380e-03 7.739324759148757948e-02 2.051406768303467264e-03 -4.435019660756029866e-03 9.999880610941711545e-01 2.223013014872777041e-02
9.894892601833257251e-01 -1.444090635293717173e-01 -7.551579465562738638e-03 1.776261409403816049e+00 1.444362083014480991e-01 9.895090067861919136e-01 3.179185509649865016e-03 8.984344319915749111e-02 7.013252694401301418e-03 -4.236491422621951539e-03 9.999664326501518374e-01 2.303743240372568835e-02
9.888578602341540069e-01 -1.487473839557431343e-01 -5.860718339350133935e-03 1.869005742883671939e+00 1.487698907094656409e-01 9.888652529978635419e-01 3.609852041990093026e-03 1.046857642539577998e-01 5.258504675677365403e-03 -4.441528992828294546e-03 9.999763101937874099e-01 2.517509835445252975e-02
9.885298264029066528e-01 -1.509858851933609525e-01 -3.470559640250879888e-03 1.962824067700722930e+00 1.509969842947233298e-01 9.885290611508216196e-01 3.194682171092423119e-03 1.204127630534798932e-01 2.948397147331297506e-03 -3.682082651495316612e-03 9.999888745489167174e-01 2.591511815978720171e-02
9.881227813687554207e-01 -1.536549295805332283e-01 1.879243378613900707e-03 2.062692316663116809e+00 1.536500658293574184e-01 9.881221479114600248e-01 2.505609202729267623e-03 1.344205922237619866e-01 -2.241921209326058241e-03 -2.187103665590584087e-03 9.999950951713948433e-01 2.689470704206086901e-02
9.879502215518891628e-01 -1.547698678411152384e-01 8.048254574039544543e-04 2.159049746296403782e+00 1.547608682749932463e-01 9.879283164115358895e-01 6.834857938423744700e-03 1.537401838493792916e-01 -1.852939918980873232e-03 -6.627943927943772892e-03 9.999763182060587008e-01 2.923161180581245952e-02
9.874144148559031997e-01 -1.581531178213904654e-01 6.038693134492548751e-04 2.253119978716966898e+00 1.581411798019162207e-01 9.873746126921144617e-01 9.096233393824386740e-03 1.703389141254376959e-01 -2.034842901147986341e-03 -8.886255368280795638e-03 9.999584460765843508e-01 3.149690838426977280e-02
9.872775189095145398e-01 -1.590025507713854758e-01 1.135563325428690096e-03 2.346896713010635960e+00 1.589862673203816246e-01 9.872402847543119142e-01 8.943543020370913268e-03 1.851083144031520078e-01 -2.543120013925369814e-03 -8.649219988996472916e-03 9.999593609413217621e-01 3.217860065819876797e-02
9.871687841290214260e-01 -1.596794570855620266e-01 5.124705744455058162e-04 2.438150296772250147e+00 1.596704072154682685e-01 9.871383557048578616e-01 7.951588266249053072e-03 2.007200710138477007e-01 -1.775584657527834670e-03 -7.767733335380011712e-03 9.999682543050826267e-01 3.295842220234135311e-02
9.870622107927632394e-01 -1.603054664233285742e-01 -3.217057615543623180e-03 2.527239951460841905e+00 1.603247760821751300e-01 9.870388700029302242e-01 7.087684920978752807e-03 2.146296349784790891e-01 2.039166276461407395e-03 -7.511759989359306951e-03 9.999697071725518471e-01 3.366441829655286710e-02
9.872544437434637166e-01 -1.591164549697362818e-01 -3.258384054684101017e-03 2.621241200669658156e+00 1.591346584406374276e-01 9.872360551049214061e-01 6.413422164039223397e-03 2.293260028947373130e-01 2.196313221196854754e-03 -6.850201364661119216e-03 9.999741251399947295e-01 3.428719755606834951e-02
9.876331029375375881e-01 -1.567430377483947090e-01 -3.531869105252930484e-03 2.716313917345245965e+00 1.567600431743159661e-01 9.876230135705530433e-01 5.203069267822510099e-03 2.454509179768535887e-01 2.672610326612816396e-03 -5.692379399203969376e-03 9.999802267899189356e-01 3.503651206142421870e-02
9.878927748963686195e-01 -1.550090446363176500e-01 -6.329406645868420472e-03 2.810539953498932153e+00 1.550284239514359008e-01 9.879063408465871277e-01 2.692486256341187871e-03 2.603559398846471140e-01 5.835501236958078042e-03 -3.641125656003957149e-03 9.999763442848388362e-01 3.627089430767683337e-02
9.878358666889811568e-01 -1.553104887925512434e-01 -7.678056645293016881e-03 2.903658233088918905e+00 1.553252796132854330e-01 9.878624362365796552e-01 1.365498364866604957e-03 2.758908882621823877e-01 7.372787524688757289e-03 -2.541484556037171706e-03 9.999695909678290029e-01 3.840949660377646069e-02
9.881551560880221796e-01 -1.533602358794841913e-01 -5.479557249037595584e-03 2.998217696120065057e+00 1.533665387868412833e-01 9.881690883740122944e-01 7.467011569561631326e-04 2.922823528370769863e-01 5.300214825912410652e-03 -1.578237327672365499e-03 9.999847083279508331e-01 4.067957664835830656e-02
9.888350730361940011e-01 -1.490115619577048467e-01 8.676038439286458187e-04 3.095170075543506982e+00 1.490128579159171462e-01 9.888338063015575941e-01 -1.694606415783140967e-03 3.053588863625407157e-01 -6.054000624344317268e-04 1.804970387241167876e-03 9.999981877846907397e-01 4.151550469373432861e-02
9.897084318447376683e-01 -1.430982509592453045e-01 -3.324271877010630738e-04 3.183945379839996814e+00 1.430978853534901896e-01 9.897080920364883516e-01 -9.422127431913759508e-04 3.209724998173157928e-01 4.638348732628731373e-04 8.849462689340352592e-04 9.999995008635311766e-01 4.221340677952412079e-02
9.901981130443127110e-01 -1.396683465938415580e-01 -6.707333486704536918e-04 3.270922825854626126e+00 1.396684275441964773e-01 9.901983259408901894e-01 7.517439804748305863e-05 3.346668771168594958e-01 6.536595551247314584e-04 -1.681178192061153409e-04 9.999997722327664817e-01 4.284126068921523256e-02
9.910971489616564600e-01 -1.331117507252277399e-01 -2.775452925352691041e-03 3.359246536189261167e+00 1.331040784053129644e-01 9.910981454825045223e-01 -2.787531706081712406e-03 3.453485042402916760e-01 3.121799472789661776e-03 2.393290622751407908e-03 9.999922632340945139e-01 4.361215879191603778e-02
9.917120700530416277e-01 -1.284394963117177768e-01 3.235104063755220652e-03 3.453283261362059875e+00 1.284557460394862571e-01 9.917002671362198374e-01 -5.449905631227472749e-03 3.571005558027309235e-01 -2.508270430018271803e-03 5.820304901163376662e-03 9.999799161134724779e-01 4.436672205281411152e-02
9.918898552792940748e-01 -1.267311169684737504e-01 9.681889585414006280e-03 3.554539209511943909e+00 1.267721108369680161e-01 9.919248095607960947e-01 -3.742204125642744749e-03 3.690163603125711234e-01 -9.129452774433706105e-03 4.939247888242749226e-03 9.999461270100195032e-01 4.524261102631044196e-02
9.923290636329837877e-01 -1.233795373848597804e-01 7.779410259370846473e-03 3.652183188531183067e+00 1.234372100298974234e-01 9.923245867456608194e-01 -7.427632199325455431e-03 3.780886424538608126e-01 -6.803282246137465350e-03 8.330924003461526173e-03 9.999421538548757260e-01 4.597508692870633240e-02
9.926791423180826301e-01 -1.204477502680594281e-01 8.969942140227685212e-03 3.747346366414603835e+00 1.205376500271125861e-01 9.926556951696622333e-01 -1.026380890196113005e-02 3.867340386377406958e-01 -7.667811459416861396e-03 1.126988476417769072e-02 9.999070928665447777e-01 4.845812137330086228e-02
9.929869809658732338e-01 -1.173969050135174469e-01 1.395787682735510210e-02 3.849452462376206086e+00 1.175463499143012264e-01 9.930127838041949984e-01 -1.041474067213352464e-02 3.965318007701625902e-01 -1.263769180290107846e-02 1.198239937117335716e-02 9.998483439258198935e-01 4.922586550310371206e-02
9.934306012482305714e-01 -1.131871390523418314e-01 1.686155558437718929e-02 3.947065714180184148e+00 1.133588843451242140e-01 9.935077167724232217e-01 -9.601044405444200333e-03 4.076104290632827087e-01 -1.566537084169916313e-02 1.144937844567968897e-02 9.998117362231749849e-01 4.989063274888395211e-02
9.938465878201869774e-01 -1.099007683707819427e-01 1.381234917323106298e-02 4.041333888469097246e+00 1.100242426676755203e-01 9.938923863396393887e-01 -8.520000088122594087e-03 4.194016491887850862e-01 -1.279163412453516308e-02 9.987266273054575330e-03 9.998683056327044572e-01 5.076909571664600662e-02
9.942000991990080916e-01 -1.066716457005823793e-01 1.368659037934404944e-02 4.136867658295643402e+00 1.067994761959152883e-01 9.942400807930595885e-01 -8.974053091469114465e-03 4.311199032321724189e-01 -1.265047971266912950e-02 1.038372515717775509e-02 9.998660628378681636e-01 5.153637741091188218e-02
9.947235220994821159e-01 -1.015003659966358246e-01 1.492616107878760694e-02 4.232900563721842424e+00 1.016551084105980912e-01 9.947694374747844126e-01 -1.000026000314388659e-02 4.404060837794929739e-01 -1.383305880962294558e-02 1.146481437485606832e-02 9.998385892309415990e-01 5.286497509121090843e-02
9.950587639920254190e-01 -9.845753964053244323e-02 1.281284865265032435e-02 4.326771094518534255e+00 9.856527068206002995e-02 9.950979001048788630e-01 -8.065768545700268896e-03 4.520965984621910239e-01 -1.195590306229431937e-02 9.288815575387012954e-03 9.998853805747794921e-01 5.636502857510095055e-02
9.953364397410946474e-01 -9.542917134991653338e-02 1.409414697633852055e-02 4.423967194475409315e+00 9.554218553047318097e-02 9.953965667519674154e-01 -7.574013629301692453e-03 4.626927613403780115e-01 -1.330648366710775014e-02 8.885277365646765055e-03 9.998719864755450937e-01 6.032385606158641167e-02
9.956748233059655728e-01 -9.225576005614535835e-02 1.097820436579258381e-02 4.520339728623724795e+00 9.235917518422223638e-02 9.956821602993819464e-01 -9.317640304611100530e-03 4.716500356894072765e-01 -1.007119625090879649e-02 1.029127776415063138e-02 9.998963249297683209e-01 6.196155395434743696e-02
9.958997888746071725e-01 -9.000613234662338535e-02 9.083317649138500371e-03 4.616109925702659211e+00 9.009891578049561423e-02 9.958787104256668909e-01 -1.038169042544903956e-02 4.806595550874703804e-01 -8.111466864396111448e-03 1.115752037474344871e-02 9.999048523956641787e-01 6.469268846251452487e-02
9.962693715618591295e-01 -8.603902158297743741e-02 6.680273406256712759e-03 4.711664039367747137e+00 8.610363929802170024e-02 9.962352258462503496e-01 -1.007661067555812653e-02 4.895959192749045896e-01 -5.788141962199249216e-03 1.061421443699631095e-02 9.999269152615659628e-01 6.699497315059943503e-02
9.964622258637653163e-01 -8.366464520907124225e-02 7.953588414704096735e-03 4.809134691392955574e+00 8.375949747229458064e-02 9.964081985088925064e-01 -1.245184835484554678e-02 4.959341596531884888e-01 -6.883241229171196789e-03 1.307398509650453677e-02 9.998908399939852032e-01 6.730746346579508099e-02
9.968603081315687842e-01 -7.868588612961899265e-02 8.835009667811361336e-03 4.906669801709909962e+00 7.878946075312259767e-02 9.968183232361553792e-01 -1.206032067947704518e-02 5.043375669339695833e-01 -7.857922503170923154e-03 1.271856063618449946e-02 9.998882393894219511e-01 6.944502556814313721e-02
9.970864190202546329e-01 -7.587702269801811783e-02 7.832651648685897902e-03 5.003803604816766892e+00 7.597018168375212210e-02 9.970333138461339173e-01 -1.237346256851405528e-02 5.139671706193951195e-01 -6.870553129327466001e-03 1.293245945213704860e-02 9.998927677467298603e-01 7.212462707411759766e-02
9.973733786970532256e-01 -7.231425080716206988e-02 4.122207736538019071e-03 5.098079615791334618e+00 7.236394514556147850e-02 9.972862080960707143e-01 -1.355280724908712250e-02 5.229993750702703892e-01 -3.130959820004677440e-03 1.381550837137738783e-02 9.998996593754024831e-01 7.441583930960860016e-02
9.976193870013981835e-01 -6.884745746126175181e-02 3.947946310954265729e-03 5.193298743344172408e+00 6.888865479119571367e-02 9.975583643322724070e-01 -1.147444951972150136e-02 5.323675656244972743e-01 -3.148320189226744975e-03 1.171910200659255670e-02 9.999263726535794206e-01 7.677495976395221078e-02
9.979017121553529490e-01 -6.420773099039513154e-02 8.339074198021460479e-03 5.294465670802736668e+00 6.430155604405861369e-02 9.978640454760073775e-01 -1.151766628139268452e-02 5.386504770684723553e-01 -7.581739096529480255e-03 1.202971434913537897e-02 9.998988964915154209e-01 7.742395080515507289e-02
9.981866307049738207e-01 -5.982560187789170286e-02 6.659402510748340352e-03 5.388996262981805785e+00 5.988979955300415686e-02 9.981559142992803002e-01 -9.898619038470429093e-03 5.454204832415996407e-01 -6.054931160066481279e-03 1.027949946815439469e-02 9.999288323172460524e-01 7.819859656615335552e-02
9.983272224931518668e-01 -5.747542328168454145e-02 6.271566606534496359e-03 5.484165320670172150e+00 5.753236804322881676e-02 9.983002101857234578e-01 -9.312194718690944631e-03 5.515164471191837947e-01 -5.725683928358922363e-03 9.657435567040894078e-03 9.999369732547251921e-01 7.885869940980683168e-02
9.985107707183679127e-01 -5.430167093760065317e-02 5.250646893043140612e-03 5.580190213680850775e+00 5.435202484218191327e-02 9.984719931201472276e-01 -9.976790577908825966e-03 5.572160262809120468e-01 -4.700867469491934111e-03 1.024731613961169831e-02 9.999364451588756975e-01 7.971039114568156947e-02
9.986056762284277744e-01 -5.224424137280709451e-02 7.565887108882164876e-03 5.676330184005223600e+00 5.232782686121294907e-02 9.985659516189766549e-01 -1.130658229840486931e-02 5.620199489413266747e-01 -6.964333446023295189e-03 1.168672369261603353e-02 9.999074549922032373e-01 8.062695235093997326e-02
9.988423408987081586e-01 -4.766226112767320972e-02 6.502837241268016877e-03 5.771623377351573936e+00 4.772911924253626231e-02 9.988046445451266298e-01 -1.054576746449228247e-02 5.641226111461321580e-01 -5.992428916615161541e-03 1.084393375491019343e-02 9.999232470026879760e-01 8.142293853393312020e-02
9.989935514940889716e-01 -4.456488490299234662e-02 5.084791717460280386e-03 5.867304581224033200e+00 4.462021732020284015e-02 9.989396161327924739e-01 -1.134369987116355671e-02 5.674782226126637852e-01 -4.573869207222481734e-03 1.155916753283776563e-02 9.999227296978616675e-01 8.197403823771765019e-02
9.991602847884900607e-01 -4.062421070657679795e-02 5.329052997599077919e-03 5.961931591050699808e+00 4.068117423997742038e-02 9.991110094250732487e-01 -1.105589924283892876e-02 5.676874543028134212e-01 -4.875178339319156083e-03 1.126340756959719712e-02 9.999246813065877371e-01 8.301461464725434780e-02
9.988649247315626312e-01 -4.747825351637315061e-02 3.831133519564362041e-03 6.059625398262853402e+00 4.751453819899810471e-02 9.988203635917700662e-01 -1.001248890837525864e-02 5.732118796726979326e-01 -3.351238688258178621e-03 1.018315851980066029e-02 9.999425345897707817e-01 8.223290823571005603e-02
9.989069716363263574e-01 -4.664480904169961833e-02 3.020563822666494803e-03 6.156200729004439154e+00 4.667052397569153993e-02 9.988689699599477834e-01 -9.090821909334740117e-03 5.772797935285893800e-01 -2.593107822252146023e-03 9.221856679444596569e-03 9.999541155229103584e-01 8.297237606825547118e-02
9.990428370644861555e-01 -4.372380112364372684e-02 1.280205234571841306e-03 6.252279195296921444e+00 4.373278983984545121e-02 9.990101850427477448e-01 -8.129776975948263193e-03 5.822534606182330208e-01 -9.234733166063699861e-04 8.177982401228292217e-03 9.999661333269636021e-01 8.364372616301807284e-02
9.989568195083281532e-01 -4.565969943446205465e-02 -6.816196593889844481e-04 6.350287833757391809e+00 4.565187408068515501e-02 9.989180287611911790e-01 -8.870073775183121706e-03 5.862895913050181207e-01 1.085887069058084345e-03 8.829703472399814956e-03 9.999604278099522015e-01 8.647064863339437579e-02
9.989122022303567050e-01 -4.661458233607290030e-02 -1.221862894343263501e-03 6.449647072457850072e+00 4.660327365495781776e-02 9.988810009192481409e-01 -8.054867298855579449e-03 5.902949537798463098e-01 1.595969905796333155e-03 7.989162421339193743e-03 9.999668125312286548e-01 8.857659467548728571e-02
9.990377913592007886e-01 -4.384895759157936279e-02 8.719829480922188696e-04 6.549040762427353002e+00 4.385271368542489889e-02 9.990260111273433496e-01 -4.895773014893381632e-03 5.968246038876259263e-01 -6.564591030955721973e-04 4.929301078356321079e-03 9.999876354497213571e-01 9.116306447708666383e-02
9.992099329008941044e-01 -3.970974704994457288e-02 -1.626647294329604471e-03 6.643795410955846137e+00 3.970402768363889140e-02 9.992056684149286383e-01 -3.409163119063535283e-03 6.008961315852729967e-01 1.760732202115960566e-03 3.341885202242098670e-03 9.999928657872552140e-01 9.188718416737629013e-02
9.991743621534947550e-01 -4.062649009448067450e-02 -2.869107177542567209e-04 6.740615847952597051e+00 4.062499935704701193e-02 9.991662721442942097e-01 -4.045990177215506335e-03 6.047327556081540934e-01 4.510458921537763267e-04 4.030993906874312700e-03 9.999917737890275937e-01 9.763454178664687788e-02
9.991306034557027038e-01 -4.167106521232490784e-02 -1.248824372587202785e-03 6.831524920740349671e+00 4.166816738316041907e-02 9.991289419851177023e-01 -2.262987986758739981e-03 6.109588476540182000e-01 1.342037694079211557e-03 2.208984329834132003e-03 9.999966596559500820e-01 1.000894735852853046e-01
9.990050288227459996e-01 -4.402626421333612206e-02 -7.116210106650226394e-03 6.924379415379775082e+00 4.400782760215705969e-02 9.990274643338490357e-01 -2.727016028345610656e-03 6.155721040843218361e-01 7.229349666691631954e-03 2.411133778443306109e-03 9.999709610470192134e-01 1.023217967424442931e-01
9.987460935779166604e-01 -4.966186966565330069e-02 -6.319751906760329337e-03 7.022593661766933337e+00 4.964697322370378169e-02 9.987637181361458394e-01 -2.492666160222156441e-03 6.184733061195117898e-01 6.435729374062881640e-03 2.175784036420362871e-03 9.999769234093608405e-01 1.050320030736884014e-01
9.986276475418746079e-01 -5.209546875543038386e-02 -5.374355787771910135e-03 7.121835202526824560e+00 5.208869389379102571e-02 9.986414909179077704e-01 -1.393049064962747358e-03 6.245627045355206519e-01 5.439626220662375881e-03 1.111194137148581364e-03 9.999845877383156667e-01 1.071913348313273950e-01
9.982507822676863762e-01 -5.874479203498525481e-02 -6.665216479508448422e-03 7.220885141874504143e+00 5.873464941355004132e-02 9.982721698913442632e-01 -1.707565136232411717e-03 6.284003089478744641e-01 6.754010676608608946e-03 1.313099079827688377e-03 9.999763292751417953e-01 1.099666255909142049e-01
9.978564594275005639e-01 -6.487059799097885660e-02 -8.619274627591008361e-03 7.320511950462588402e+00 6.486152223278293660e-02 9.978933899072892633e-01 -1.328650813763356843e-03 6.355881423109224215e-01 8.687307549478709076e-03 7.667435239494148477e-04 9.999619706728397617e-01 1.108439018203171006e-01
9.980346555450713142e-01 -6.230825834884844844e-02 -6.671377111512483311e-03 7.415311390994872909e+00 6.229518363266112885e-02 9.980554527165516054e-01 -2.150209043816608042e-03 6.408678819859972009e-01 6.792380083879588810e-03 1.730388480151003180e-03 9.999754343625166797e-01 1.116866126939158044e-01
9.982192869297693560e-01 -5.919921775170566142e-02 -7.328561864990263373e-03 7.510714737452360623e+00 5.918443030222656637e-02 9.982445996564072166e-01 -2.218663250744685924e-03 6.470060652379743260e-01 7.447040433872959518e-03 1.780975689181572450e-03 9.999706844274840467e-01 1.139355326139366020e-01
9.979569585326225623e-01 -6.360380853514811805e-02 -6.038580639670221295e-03 7.606440592932216305e+00 6.359874490389945401e-02 9.979750220932706029e-01 -1.027095217079905054e-03 6.533884409106462954e-01 6.091679814821402209e-03 6.409506692764532082e-04 9.999812401336704015e-01 1.146604479414464056e-01
9.971910507595524997e-01 -7.478410172577748538e-02 -4.164902655308591085e-03 7.703609781250918331e+00 7.478711698778861550e-02 9.971993577306814682e-01 5.727775933064235304e-04 6.610446916973558018e-01 4.110403595080463525e-03 -8.826497522460752167e-04 9.999911627168014405e-01 1.153934499963042981e-01
9.966679311281265718e-01 -8.145232997022534838e-02 -4.307319723617679223e-03 7.801741493292212226e+00 8.145421756056946128e-02 9.966770492816884319e-01 2.643420928814922493e-04 6.702790449416511365e-01 4.271475433073683957e-03 -6.143106446927623556e-04 9.999906885166763848e-01 1.160074410995548949e-01
9.967219093860447687e-01 -8.090171458119560510e-02 -5.898539311462397492e-04 7.899703573478518592e+00 8.090222911522604310e-02 9.967216286085432975e-01 9.079582152006483676e-04 6.775091027949144973e-01 5.144647945154170662e-04 -9.527023437796454169e-04 9.999994138419379119e-01 1.168705594722040941e-01
9.968796169682009323e-01 -7.892303711035084102e-02 1.477662549806524556e-03 7.994872830642606232e+00 7.892197797883115928e-02 9.968805047913390505e-01 7.619441409604483595e-04 6.836216226474789437e-01 -1.533187934275421225e-03 -6.429465321758427070e-04 9.999986179763025174e-01 1.176526863507661030e-01
9.968800826221934086e-01 -7.893062590946059442e-02 -2.390914253166258362e-04 8.087928303700778088e+00 7.893070422947706666e-02 9.968800477729782283e-01 3.380561839602934404e-04 6.912076599640215591e-01 2.116624852991977129e-04 -3.558731311727514660e-04 9.999999142766496929e-01 1.192057876187390952e-01
9.969318110209578476e-01 -7.827353453001015260e-02 4.668689884196281035e-04 8.182107115940937092e+00 7.827350391072243618e-02 9.969319192445885713e-01 8.352747559942284264e-05 6.996898318139983530e-01 -4.719745874064954112e-04 -4.672772592848270534e-05 9.999998875282478661e-01 1.225966163755174004e-01
9.970686663560266449e-01 -7.651095692296849826e-02 -3.847619342692556121e-04 8.276362488304215503e+00 7.651106039611976772e-02 9.970686982866852066e-01 2.617899088386565782e-04 7.085547451372633532e-01 3.636042845140914962e-04 -2.904610588622280219e-04 9.999998917121428743e-01 1.258037539155338891e-01
9.971135405835362953e-01 -7.592012190858568599e-02 -8.498672543306116109e-04 8.373938749828226946e+00 7.592072314027825675e-02 9.971136119641768047e-01 6.990233259805069162e-04 7.162293415770193405e-01 7.943442715302888096e-04 -7.615281600409254219e-04 9.999993945458365285e-01 1.309348359354771951e-01
9.973348955059266885e-01 -7.295276861891904219e-02 9.998785010257721373e-04 8.471943688978370801e+00 7.295423815608619023e-02 9.973341282226075855e-01 -1.521781034328530948e-03 7.230098032686385068e-01 -8.861948134630375775e-04 1.590670703145931212e-03 9.999983422113591924e-01 1.335088059541930938e-01
9.975053974789054312e-01 -7.058703767167259779e-02 -6.723936262146655964e-04 8.566689770380946811e+00 7.058591996436078264e-02 9.975044804326321790e-01 -1.561864145577420825e-03 7.297550825121277285e-01 7.809630180453816734e-04 1.510506392657721443e-03 9.999985542325559029e-01 1.356892114901029067e-01
9.974004022691488336e-01 -7.205395523089541676e-02 -8.155298426413131211e-04 8.663610488923410458e+00 7.205317767003327489e-02 9.974003434490298359e-01 -9.457671002964210434e-04 7.367316107864496644e-01 8.815560054469909765e-04 8.845469696415280379e-04 9.999992202175298495e-01 1.379482337446233942e-01
9.974248492396130539e-01 -7.171150669912389197e-02 1.062979904147217953e-03 8.758637534243206346e+00 7.171209957410586144e-02 9.974252319610419359e-01 -5.304923517410731464e-04 7.436605944502048260e-01 -1.022200571628250829e-03 6.053547746895863568e-04 9.999992943255450184e-01 1.393369296475839014e-01
9.975974868153372199e-01 -6.927602493283632756e-02 -2.943963792237897859e-04 8.854079142840618033e+00 6.927561874136414777e-02 9.975968146096683142e-01 -1.218248186594455065e-03 7.500936585080637542e-01 3.780842818951727800e-04 1.194926837938025191e-03 9.999992146007554705e-01 1.397541004452023117e-01
9.980095149529071286e-01 -6.261133392103207518e-02 7.538496407913822944e-03 8.950748568619786738e+00 6.259195367756478778e-02 9.980353291661907544e-01 2.780120673437139027e-03 7.600214700595699924e-01 -7.697752807715755805e-03 -2.302737666844917840e-03 9.999677204794907848e-01 1.421236490241427064e-01
9.989050796978317104e-01 -4.550703286410021087e-02 1.085134617336274560e-02 9.032720312232044080e+00 4.549059145506413604e-02 9.989632215060743059e-01 1.757318205256751600e-03 7.654231753536180349e-01 -1.092006606833936105e-02 -1.261759926366528076e-03 9.999395782340807504e-01 1.444448939263338894e-01
9.992213596814678578e-01 -3.895794272825285620e-02 6.241238234566830884e-03 9.099706616965448802e+00 3.896193758980143196e-02 9.992405602775973339e-01 -5.197262373338574050e-04 7.673385699771984036e-01 -6.216250925346099646e-03 7.624922921091456052e-04 9.999803882226578899e-01 1.466510504486678024e-01
9.996212854243774482e-01 -2.485734155681511987e-02 -1.180670560499354899e-02 9.162287928736873255e+00 2.485896062331946488e-02 9.996909682417000065e-01 -9.628109175350451536e-06 7.718995963648751513e-01 1.180329628719902629e-02 -2.838779668555897100e-04 9.999302983758699970e-01 1.470415546434651055e-01
9.997094971970961197e-01 -2.342720353363659039e-02 -5.664569579655394371e-03 9.248050431387582648e+00 2.341434126332017987e-02 9.997231398807879810e-01 -2.326415720225643528e-03 7.695891020961198592e-01 5.717502700827863799e-03 2.193107724690325239e-03 9.999812500449065666e-01 1.476492876362272000e-01
9.998255560575134426e-01 -1.834195471601698241e-02 3.525641995391839197e-03 9.353146363081606296e+00 1.834345620431654389e-02 9.998316670171665255e-01 -3.940103477911543052e-04 7.728154864661007650e-01 -3.517821593601524240e-03 4.586140746072744977e-04 9.999937072823840145e-01 1.484632185970440055e-01
9.998520237458493609e-01 -1.703430790829209285e-02 2.400617715293723847e-03 9.451990237229637160e+00 1.703774152435178629e-02 9.998538427928652661e-01 -1.417185975678575318e-03 7.731402138676912728e-01 -2.376126065440035875e-03 1.457877369938413888e-03 9.999961143016984355e-01 1.495389468203711936e-01
9.999068623250617627e-01 -1.332703467647492444e-02 2.942247777093105841e-03 9.557902348799046877e+00 1.333469345521490386e-02 9.999077114511890629e-01 -2.598948037390462918e-03 7.752331063212523077e-01 -2.907339970698856902e-03 2.637939949589799323e-03 9.999922942938695991e-01 1.521945044946733105e-01
9.998914429115959290e-01 -1.457824586373845412e-02 2.139425087021044804e-03 9.658253552242911155e+00 1.458265938011750994e-02 9.998915411119145835e-01 -2.062051949817304743e-03 7.780913047519106840e-01 -2.109131947046726397e-03 2.093026606774800544e-03 9.999955853912821935e-01 1.533969081775695131e-01
9.998118279675469733e-01 -1.933453321189420801e-02 1.576223864282698221e-03 9.750447237818661961e+00 1.933523204693348221e-02 9.998129647464686354e-01 -4.293327005007748333e-04 7.804162315057681099e-01 -1.567628107495835747e-03 4.597285662677432676e-04 9.999986655949906211e-01 1.553257902130553980e-01
9.997627971986692286e-01 -2.150432143607857935e-02 3.451593409803565410e-03 9.839745061879284549e+00 2.150700331347639091e-02 9.997684224820415633e-01 -7.417656262461493630e-04 7.819897444436492151e-01 -3.434842931911689760e-03 8.158231082630913343e-04 9.999937681239264853e-01 1.563781534559894049e-01
9.995608847337441594e-01 -2.960371875214871593e-02 1.287457315173827672e-03 9.931382204234040501e+00 2.960651930985061867e-02 9.995591800440686292e-01 -2.213504909553206442e-03 7.834271327433270926e-01 -1.221361801497975862e-03 2.250650055617791929e-03 9.999967214194639409e-01 1.582441463256145930e-01
9.994590179749406333e-01 -3.282140170540408936e-02 2.104038654548505589e-03 1.003274332143903003e+01 3.282473367157317384e-02 9.994598914991704719e-01 -1.569122001871039182e-03 7.876954051262146095e-01 -2.051401461836912903e-03 1.637337643543151705e-03 9.999965554328091866e-01 1.594505505270263079e-01
9.993924560258554690e-01 -3.423311093710688230e-02 6.543160870415514092e-03 1.013885757575530988e+01 3.423848972738566948e-02 9.994134375709684548e-01 -7.117750820921238918e-04 7.916226870805758153e-01 -6.514956622734290916e-03 9.353705936764060338e-04 9.999783399764498037e-01 1.601487440675554985e-01
9.992621908143469733e-01 -3.794704515986248999e-02 5.924168511010219004e-03 1.024899367438482045e+01 3.795036826174277150e-02 9.992795242077088247e-01 -4.494975116857434006e-04 7.971830920182583213e-01 -5.902843188633398464e-03 6.739902449301515353e-04 9.999823509339752503e-01 1.613638974613423038e-01
9.991722964226634751e-01 -4.038311147169159482e-02 4.891458813685503962e-03 1.034617423064505992e+01 4.039180531627386411e-02 9.991824858431467282e-01 -1.691758730472550307e-03 8.013760883698637372e-01 -4.819141495461771313e-03 1.887933307834304547e-03 9.999866057018323984e-01 1.622301389451195064e-01
