1 7.227e-17 3.6171e-19 0 -8.3615e-19 1 -2.0499e-19 -2.3283e-10 -8.5093e-19 -2.0586e-19 1 7.276e-12
0.99987 -0.015729 0.0046922 0.33439 0.015731 0.99988 -0.00033864 -0.0022704 -0.0046863 0.0004124 0.99999 0.012035
0.99949 -0.027931 0.015496 0.64307 0.027939 0.99961 -0.00026213 -0.010679 -0.015482 0.00069492 0.99988 0.030871
0.99891 -0.040256 0.023647 0.96411 0.040186 0.99919 0.0034344 -0.031904 -0.023766 -0.0024804 0.99971 0.056663
0.99824 -0.054194 0.024277 1.3083 0.054112 0.99853 0.0040327 -0.055054 -0.02446 -0.0027119 0.9997 0.08034
0.99752 -0.066754 0.022171 1.6056 0.066657 0.99776 0.0050551 -0.048038 -0.022459 -0.0035647 0.99974 0.095173
0.99663 -0.079222 0.021047 1.8812 0.079183 0.99686 0.0026939 -0.0315 -0.021194 -0.0010183 0.99977 0.099636
0.99554 -0.092644 0.01753 2.1883 0.092592 0.9957 0.0037919 -0.0076239 -0.017806 -0.0021519 0.99984 0.09721
0.99445 -0.10427 0.014316 2.4501 0.1042 0.99454 0.0057597 0.010067 -0.014838 -0.0042361 0.99988 0.10654
0.9932 -0.11573 0.013057 2.7345 0.1156 0.99324 0.01008 0.029533 -0.014135 -0.0085021 0.99986 0.11503
0.99172 -0.12823 0.0067783 3.0447 0.12818 0.99172 0.0081786 0.062629 -0.007771 -0.0072421 0.99994 0.11807
0.99012 -0.14005 0.0062629 3.3467 0.14001 0.99013 0.0059075 0.080767 -0.0070284 -0.0049723 0.99996 0.11577
0.98847 -0.15101 0.011481 3.654 0.15097 0.98853 0.0037533 0.097046 -0.011916 -0.0019768 0.99993 0.12044
0.98649 -0.16315 0.014991 3.9958 0.16311 0.9866 0.0042549 0.11138 -0.015485 -0.0017522 0.99988 0.14179
0.9845 -0.17483 0.0141 4.2918 0.17481 0.9846 0.0026897 0.14162 -0.014353 -0.00018318 0.9999 0.15889
0.9824 -0.18636 0.013004 4.5788 0.18635 0.98248 0.0021089 0.1767 -0.013169 0.00035154 0.99991 0.18137
0.98009 -0.19787 0.016747 4.9164 0.19779 0.98023 0.0059548 0.21917 -0.017594 -0.0025238 0.99984 0.20191
0.97796 -0.20845 0.012154 5.2287 0.20838 0.97802 0.0069821 0.25355 -0.013342 -0.0042956 0.9999 0.21971
0.97563 -0.21937 0.0042698 5.5392 0.21935 0.97563 0.0056803 0.29617 -0.0054118 -0.0046054 0.99997 0.23204
0.973 -0.23079 -0.0014247 5.8441 0.2308 0.973 0.0025938 0.34824 0.00078761 -0.0028526 1 0.24758
0.96981 -0.2438 -0.0061341 6.1765 0.24377 0.96982 -0.0050849 0.41475 0.0071887 0.003436 0.99997 0.25778
0.9669 -0.25514 -0.0038173 6.4828 0.25511 0.96689 -0.005745 0.48162 0.0051567 0.004581 0.99998 0.26018
0.96352 -0.26765 0.0007383 6.8217 0.26765 0.96351 -0.0022993 0.56216 -9.5938e-05 0.002413 1 0.26732
0.96027 -0.27902 0.0048674 7.1274 0.27902 0.96028 0.00096147 0.6449 -0.0049423 0.00043484 0.99999 0.29104
0.95694 -0.29028 0.0036648 7.4347 0.29028 0.95694 0.00073267 0.72813 -0.0037197 0.00036268 0.99999 0.30858
0.95369 -0.30076 0.0041379 7.7485 0.30076 0.9537 0.0011 0.81491 -0.0042771 0.00019541 0.99999 0.32179
0.9494 -0.31384 0.011901 8.0882 0.31376 0.94947 0.0082383 0.91355 -0.013885 -0.0040873 0.9999 0.34819
0.94553 -0.32495 0.019399 8.3968 0.32478 0.94572 0.011148 1.0057 -0.021968 -0.0042408 0.99975 0.37166
0.94186 -0.33519 0.023271 8.7074 0.33514 0.94215 0.006339 1.0978 -0.024049 0.0018283 0.99971 0.38149
0.93741 -0.34746 0.022933 9.0402 0.34755 0.93766 6.793e-05 1.2051 -0.021527 0.0079068 0.99974 0.38896
0.93326 -0.35849 0.022623 9.3419 0.35863 0.93347 -0.0024528 1.3092 -0.020239 0.010403 0.99974 0.38639
0.92849 -0.37088 0.01858 9.6692 0.37087 0.92867 0.0041945 1.4387 -0.018811 0.0029963 0.99982 0.38618
0.92376 -0.38264 0.015717 9.9725 0.38256 0.9239 0.0079476 1.5604 -0.017562 -0.0013291 0.99984 0.38727
0.91872 -0.39454 0.017289 10.2941 0.39451 0.91888 0.0052389 1.6776 -0.017953 0.0020074 0.99984 0.38341
0.91375 -0.40572 0.021468 10.6182 0.40579 0.91396 0.001008 1.8034 -0.02003 0.0077904 0.99977 0.38537
0.90796 -0.41828 0.025478 10.9787 0.41839 0.90827 0.0010541 1.9565 -0.023581 0.0097026 0.99967 0.3854
0.90185 -0.43119 0.027348 11.3118 0.4312 0.90224 0.0057195 2.104 -0.02714 0.0066342 0.99961 0.3852
0.89575 -0.44375 0.026702 11.6567 0.44377 0.89612 0.005622 2.2562 -0.026423 0.0068138 0.99963 0.3736
0.88867 -0.45791 0.024056 12.0456 0.45795 0.88897 0.0040993 2.4324 -0.023262 0.0073735 0.9997 0.34955
0.8819 -0.47089 0.022615 12.4024 0.47093 0.88216 0.0038488 2.6032 -0.021763 0.0072559 0.99974 0.33239
0.8743 -0.48483 0.023185 12.7672 0.48493 0.87455 0.0014259 2.781 -0.020968 0.0099964 0.99973 0.31435
0.86511 -0.501 0.023967 13.1739 0.50121 0.86532 -0.003492 2.9844 -0.01899 0.015034 0.99971 0.29498
0.85663 -0.51547 0.021605 13.5368 0.51572 0.85673 -0.0074926 3.1863 -0.014647 0.01756 0.99974 0.27166
0.8476 -0.53037 0.016786 13.8836 0.5305 0.84767 -0.0042822 3.4071 -0.011958 0.012535 0.99985 0.25365
0.83668 -0.54748 0.015258 14.2665 0.54754 0.83678 -0.0001115 3.6603 -0.012707 0.0084477 0.99988 0.24221
0.82628 -0.563 0.016957 14.6298 0.56308 0.82641 0.0003772 3.8979 -0.014226 0.0092363 0.99986 0.19082
0.81545 -0.57849 0.019501 14.9933 0.5786 0.81561 1.9822e-05 4.1408 -0.015917 0.011267 0.99981 0.14591
0.8032 -0.59535 0.020899 15.3659 0.59549 0.80336 -0.00071433 4.413 -0.016364 0.013019 0.99978 0.10483
0.79209 -0.61003 0.021511 15.6818 0.61015 0.79228 0.00097944 4.6748 -0.01764 0.012349 0.99977 0.0766
0.78096 -0.62419 0.022143 15.9858 0.62429 0.78119 0.003171 4.9446 -0.019277 0.011347 0.99975 0.045699
0.7685 -0.63947 0.02185 16.3369 0.63952 0.76875 0.0057083 5.2417 -0.020447 0.0095865 0.99974 0.021624
0.75752 -0.65245 0.021857 16.6425 0.65248 0.75778 0.0069208 5.5179 -0.021079 0.0090189 0.99974 -0.0046964
0.74687 -0.66463 0.021363 16.9242 0.66463 0.74713 0.0078712 5.8035 -0.021193 0.0083199 0.99974 -0.025201
0.73495 -0.67781 0.020582 17.2182 0.67778 0.73521 0.0094937 6.1242 -0.021567 0.0069726 0.99974 -0.037098
0.72441 -0.68907 0.020478 17.4901 0.689 0.72468 0.011319 6.4171 -0.022639 0.0059098 0.99973 -0.039505
0.71402 -0.69983 0.02037 17.7603 0.69974 0.71429 0.012488 6.7136 -0.023289 0.0053369 0.99971 -0.063666
0.70304 -0.71087 0.019994 18.048 0.71076 0.70331 0.013219 7.0424 -0.023459 0.0049172 0.99971 -0.091443
0.69468 -0.71903 0.020432 18.2875 0.71891 0.69496 0.013982 7.345 -0.024253 0.0049755 0.99969 -0.11234
0.68714 -0.72623 0.020727 18.513 0.72607 0.68744 0.015536 7.6515 -0.025531 0.004374 0.99966 -0.13381
0.68045 -0.73251 0.02068 18.757 0.73232 0.68075 0.016764 7.9518 -0.026358 0.003737 0.99965 -0.15114
0.67421 -0.73827 0.019921 19.0188 0.73808 0.6745 0.017064 8.2823 -0.026034 0.0031984 0.99966 -0.17233
0.66976 -0.74232 0.019494 19.2646 0.74211 0.67004 0.017574 8.5794 -0.026108 0.0026964 0.99966 -0.18921
0.66648 -0.74525 0.020007 19.4893 0.74503 0.66678 0.018247 8.8811 -0.026939 0.0027445 0.99963 -0.20461
0.66428 -0.74721 0.020291 19.7315 0.74699 0.66458 0.01821 9.2118 -0.027091 0.0030608 0.99963 -0.22228
0.66366 -0.74775 0.020405 19.9642 0.74756 0.66397 0.01738 9.5067 -0.026544 0.0037197 0.99964 -0.23793
0.66427 -0.74724 0.019583 20.1899 0.74706 0.66455 0.016833 9.8017 -0.025592 0.0034478 0.99967 -0.25403
0.66638 -0.74538 0.018541 20.4547 0.74523 0.66663 0.015447 10.1193 -0.023874 0.0035234 0.99971 -0.2689
0.67001 -0.74217 0.01651 20.635 0.74206 0.67021 0.013028 10.4309 -0.020734 0.0035224 0.99978 -0.27675
0.67516 -0.73753 0.014742 20.8522 0.73746 0.67531 0.010585 10.7394 -0.017762 0.003725 0.99984 -0.28522
0.68212 -0.7311 0.014328 21.0963 0.73104 0.68226 0.010063 11.0816 -0.017133 0.0036101 0.99985 -0.293
0.68927 -0.72435 0.014985 21.3396 0.72425 0.68943 0.012011 11.3865 -0.019031 0.002574 0.99982 -0.29984
0.69863 -0.71532 0.01511 21.5973 0.71516 0.6988 0.015162 11.7248 -0.021404 0.00021345 0.99977 -0.30535
0.70859 -0.70547 0.014855 21.8258 0.70525 0.70874 0.017728 12.0297 -0.023035 -0.0020851 0.99973 -0.30801
0.7193 -0.69452 0.015411 22.0661 0.69427 0.71946 0.019071 12.3261 -0.024333 -0.003018 0.9997 -0.3091
0.73169 -0.68148 0.014633 22.3336 0.68122 0.73183 0.019228 12.6457 -0.023813 -0.0041006 0.99971 -0.31344
0.74407 -0.66797 0.013212 22.5951 0.66773 0.74417 0.018439 12.926 -0.022148 -0.0048976 0.99974 -0.32135
0.75739 -0.65287 0.011099 22.839 0.65263 0.75744 0.018886 13.2074 -0.020737 -0.0070605 0.99976 -0.32844
0.77224 -0.63528 0.00797 23.1248 0.63504 0.7722 0.02055 13.5028 -0.01921 -0.010808 0.99976 -0.33783
0.78543 -0.61893 0.0055985 23.3804 0.61871 0.78533 0.021307 13.7656 -0.017584 -0.013271 0.99976 -0.34472
0.79853 -0.60193 0.0055002 23.6602 0.60175 0.79845 0.019327 14.0118 -0.016025 -0.012124 0.9998 -0.35156
0.81309 -0.58211 0.0048081 23.9714 0.58196 0.81302 0.017975 14.2759 -0.014373 -0.011817 0.99983 -0.35699
0.82657 -0.56283 0.003107 24.2561 0.5627 0.82647 0.017842 14.5123 -0.01261 -0.012999 0.99984 -0.36013
0.83973 -0.543 0.0017592 24.5488 0.5429 0.83963 0.01694 14.7436 -0.010676 -0.01327 0.99985 -0.36337
0.85414 -0.52003 0.0028768 24.882 0.51994 0.85407 0.014724 14.9904 -0.010114 -0.011081 0.99989 -0.36575
0.86683 -0.49858 0.0045202 25.2059 0.4985 0.86681 0.01223 15.2036 -0.010016 -0.0083479 0.99991 -0.36873
0.87908 -0.47664 0.0057444 25.5344 0.47656 0.87907 0.01102 15.4121 -0.010302 -0.0069498 0.99992 -0.37051
0.89194 -0.45212 0.005507 25.906 0.45204 0.89192 0.011561 15.6345 -0.010139 -0.0078221 0.99992 -0.37245
0.903 -0.42962 0.0042326 26.2379 0.42953 0.90295 0.01362 15.8341 -0.0096732 -0.010481 0.9999 -0.37265
0.91345 -0.40693 0.004033 26.5954 0.40683 0.91338 0.015322 16.0169 -0.0099186 -0.012355 0.99987 -0.37478
0.92402 -0.3823 0.0051448 27.0007 0.38221 0.92398 0.013257 16.2035 -0.0098219 -0.010283 0.9999 -0.37805
0.93293 -0.36 0.0060595 27.3854 0.35992 0.93292 0.010935 16.3615 -0.0095895 -0.0080205 0.99992 -0.38325
0.94146 -0.33707 0.0057664 27.7802 0.33699 0.94144 0.011573 16.5138 -0.0093297 -0.0089526 0.99992 -0.3918
0.95008 -0.31195 0.0049086 28.225 0.31186 0.95003 0.01383 16.6723 -0.0089776 -0.011609 0.99989 -0.40221
0.95713 -0.2896 0.0057271 28.6424 0.2895 0.95706 0.014836 16.8062 -0.0097777 -0.012542 0.99987 -0.40791
0.9637 -0.26689 0.0074183 29.0678 0.26674 0.96362 0.016804 16.932 -0.011633 -0.014215 0.99983 -0.41173
0.97038 -0.24147 0.0073687 29.5457 0.24128 0.97024 0.020543 17.0621 -0.01211 -0.018156 0.99976 -0.4207
0.97604 -0.2175 0.0060834 29.9876 0.2173 0.97581 0.023821 17.1663 -0.011117 -0.021928 0.9997 -0.43636
0.98111 -0.1934 0.0049649 30.4295 0.1932 0.98078 0.027159 17.2705 -0.010122 -0.025687 0.99962 -0.45203
0.98561 -0.16894 0.005085 30.8869 0.16874 0.98527 0.027618 17.3575 -0.0096759 -0.026363 0.99961 -0.46504
0.98987 -0.14185 0.0055478 31.3997 0.14164 0.9895 0.028643 17.442 -0.0095525 -0.027567 0.99957 -0.47697
0.99315 -0.11659 0.0070673 31.8768 0.11633 0.99276 0.029939 17.5133 -0.010507 -0.028912 0.99953 -0.48041
0.99595 -0.089458 0.0089972 32.4147 0.089126 0.9955 0.032313 17.5765 -0.011847 -0.03138 0.99944 -0.48483
0.99776 -0.065915 0.011048 32.9148 0.065501 0.99726 0.034374 17.6217 -0.013283 -0.033574 0.99935 -0.48821
0.99902 -0.042493 0.01205 33.423 0.042043 0.99849 0.03543 17.6552 -0.013538 -0.034889 0.9993 -0.49388
0.99979 -0.01683 0.011585 33.9917 0.016395 0.99919 0.036694 17.6755 -0.012193 -0.036497 0.99926 -0.50249
0.99992 0.0071152 0.010859 34.518 -0.0075131 0.99929 0.037051 17.683 -0.010588 -0.037129 0.99925 -0.51314
0.99946 0.030995 0.010815 35.0552 -0.031382 0.9988 0.037689 17.6767 -0.0096339 -0.038008 0.99923 -0.52746
0.99836 0.056189 0.010677 35.6554 -0.056563 0.99765 0.038709 17.6556 -0.0084764 -0.039249 0.99919 -0.54351
0.99689 0.078055 0.010428 36.2087 -0.078409 0.99614 0.039524 17.621 -0.0073028 -0.040219 0.99916 -0.55527
0.99497 0.099529 0.011377 36.7684 -0.099908 0.9942 0.039786 17.5745 -0.0073513 -0.040722 0.99914 -0.56374
0.99255 0.12109 0.013125 37.323 -0.12153 0.99177 0.040186 17.5199 -0.0081511 -0.041482 0.99911 -0.57017
0.9894 0.14445 0.015 37.9327 -0.14495 0.98862 0.040287 17.4445 -0.0090097 -0.042034 0.99908 -0.57563
0.98614 0.16512 0.016417 38.4846 -0.16566 0.98538 0.039722 17.3644 -0.009618 -0.041891 0.99908 -0.58044
0.98222 0.18693 0.017264 39.0952 -0.18747 0.9815 0.038897 17.259 -0.0096733 -0.041442 0.99909 -0.58533
0.97853 0.20535 0.017359 39.6459 -0.20589 0.97781 0.038636 17.1524 -0.0090399 -0.04138 0.9991 -0.59011
0.97473 0.22276 0.016685 40.1874 -0.22325 0.97402 0.037928 17.0382 -0.0078029 -0.040694 0.99914 -0.59382
0.97061 0.24014 0.015863 40.7228 -0.24059 0.96986 0.038542 16.9167 -0.0061296 -0.041226 0.99913 -0.59785
0.96562 0.25953 0.015008 41.3061 -0.25993 0.96481 0.039644 16.7728 -0.004191 -0.042182 0.9991 -0.60077
0.96085 0.27672 0.01403 41.84 -0.27706 0.96005 0.039325 16.6279 -0.0025873 -0.041673 0.99913 -0.60238
0.95577 0.29381 0.013667 42.3688 -0.29412 0.955 0.038248 16.4735 -0.0018143 -0.040576 0.99917 -0.60207
0.94976 0.31269 0.013708 42.9481 -0.31299 0.949 0.037828 16.2965 -0.0011806 -0.040218 0.99919 -0.59769
0.94398 0.3297 0.014152 43.4638 -0.33 0.9432 0.038455 16.1334 -0.00066973 -0.040971 0.99916 -0.58904
0.93791 0.34655 0.014766 43.985 -0.34687 0.93713 0.03846 15.9539 -0.00050918 -0.041194 0.99915 -0.58248
0.93092 0.36493 0.014559 44.5545 -0.36522 0.93022 0.036131 15.7442 -0.00035827 -0.038952 0.99924 -0.57416
0.92425 0.38155 0.013546 45.0708 -0.38179 0.92369 0.032249 15.5377 -0.00020743 -0.034978 0.99939 -0.56799
0.91738 0.39781 0.012466 45.5796 -0.39801 0.91698 0.027122 15.3242 -0.00064151 -0.029843 0.99955 -0.56025
0.91001 0.41445 0.010932 46.1366 -0.41459 0.90975 0.02161 15.0776 -0.00098944 -0.024197 0.99971 -0.55314
0.90365 0.42817 0.0089554 46.6439 -0.42826 0.90351 0.015925 14.8404 -0.0012727 -0.018226 0.99983 -0.54817
0.8989 0.43811 0.0068305 47.1479 -0.43816 0.89884 0.00989 14.5939 -0.0018067 -0.011883 0.99993 -0.54084
0.89525 0.44556 0.0026075 47.7056 -0.44557 0.89524 0.0033713 14.3104 -0.00083221 -0.00418 0.99999 -0.53699
0.89292 0.45021 -0.00072041 48.2007 -0.45021 0.89292 -0.0010484 14.0635 0.00017126 0.0012605 1 -0.52494
0.89169 0.45261 -0.0045882 48.7024 -0.45263 0.89168 -0.0053453 13.806 0.0016719 0.0068432 0.99998 -0.51861
0.89183 0.4523 -0.007797 49.2086 -0.45236 0.89179 -0.0090409 13.5443 0.002864 0.01159 0.99993 -0.51317
0.89313 0.44968 -0.0098371 49.7701 -0.44978 0.89305 -0.013 13.2566 0.0029391 0.016035 0.99987 -0.50489
0.8957 0.44458 -0.0077005 50.2872 -0.44465 0.89558 -0.014872 12.9938 0.00028441 0.016745 0.99986 -0.49829
0.89929 0.43733 -0.0044274 50.7914 -0.43734 0.89913 -0.017424 12.7404 -0.0036393 0.017605 0.99984 -0.49023
0.9041 0.42731 -0.0011651 51.3632 -0.42724 0.90388 -0.021808 12.4568 -0.0082657 0.020214 0.99976 -0.48476
0.90932 0.41609 0.0004673 51.885 -0.41592 0.90898 -0.027583 12.2036 -0.011902 0.024888 0.99962 -0.47829
0.91506 0.40331 0.0029847 52.4211 -0.40309 0.91476 -0.026968 11.9558 -0.013607 0.023474 0.99963 -0.47985
0.92105 0.38942 0.0038738 53.013 -0.38922 0.92083 -0.024172 11.7012 -0.01298 0.020756 0.9997 -0.48443
0.9267 0.3758 0.0034025 53.5583 -0.37564 0.92651 -0.021683 11.474 -0.011301 0.018816 0.99976 -0.48964
0.93223 0.36187 0.0019746 54.1116 -0.36173 0.932 -0.022944 11.2493 -0.010143 0.020675 0.99973 -0.4927
0.93771 0.3474 0.0011405 54.7326 -0.3473 0.9375 -0.02172 11.0205 -0.0086149 0.019971 0.99976 -0.49577
0.94244 0.33437 0.0011216 55.3067 -0.33429 0.94227 -0.019383 10.8176 -0.0075378 0.017892 0.99981 -0.50122
0.94713 0.32084 0.0019311 55.8823 -0.32076 0.94701 -0.016571 10.6245 -0.0071453 0.015075 0.99986 -0.50309
0.95133 0.30815 0.0037396 56.4699 -0.30806 0.95124 -0.015467 10.4332 -0.0083235 0.013563 0.99987 -0.50438
0.95553 0.29482 0.006327 57.1243 -0.2947 0.95547 -0.015248 10.2305 -0.010541 0.012705 0.99986 -0.50507
0.9592 0.28255 0.0097315 57.7271 -0.2824 0.95919 -0.014117 10.0501 -0.013323 0.010792 0.99985 -0.50779
0.96271 0.27026 0.012581 58.3968 -0.27009 0.96274 -0.013192 9.8619 -0.015677 0.0093019 0.99983 -0.51171
0.96558 0.25981 0.012351 59.0123 -0.25966 0.96562 -0.012012 9.6883 -0.015047 0.0083911 0.99985 -0.52312
0.96826 0.24972 0.010457 59.6331 -0.24961 0.96829 -0.010734 9.5198 -0.012806 0.0077829 0.99989 -0.53585
0.97056 0.24075 0.007379 60.2596 -0.24069 0.97057 -0.0084197 9.3584 -0.0091888 0.0063958 0.99994 -0.55227
0.97267 0.23217 0.0037771 60.9512 -0.23214 0.97266 -0.0071166 9.1868 -0.0053261 0.0060453 0.99997 -0.56807
0.97431 0.22518 0.0029505 61.5846 -0.22515 0.97429 -0.0079942 9.0336 -0.0046747 0.0071245 0.99996 -0.57683
