9.999615896200775289e-01 -6.878313866122895241e-03 -5.432134402021734400e-03 4.043923728659434835e-01 6.872921597879391546e-03 9.999758702732245430e-01 -1.010856795760737984e-03 2.382573652906505579e-02 5.438957158033942176e-03 9.734833621562571622e-04 9.999847349162747090e-01 -1.928954767119307467e-01
9.998481366729341513e-01 -1.247119437799699623e-02 -1.217262860353047517e-02 8.341156220842764757e-01 1.247457775936039980e-02 9.999221690463924173e-01 2.019366227506865484e-04 3.910284681633122844e-02 1.216916468158531391e-02 -3.537543796634257131e-04 9.999258904002993331e-01 -2.370121172905944040e-01
9.996134135852035030e-01 -2.314132680555975111e-02 -1.541110994408750705e-02 1.111369977034184942e+00 2.325856233528148659e-02 9.997015617855307124e-01 7.471724917501045525e-03 3.737015146503739477e-02 1.523360742189488332e-02 -7.827276997035621797e-03 9.998533247392459300e-01 -2.828956574508197930e-01
9.993962287562057067e-01 -3.025966482878186814e-02 -1.707426479154117160e-02 1.515647574943276288e+00 3.046387204330261098e-02 9.994658699659568768e-01 1.182908816302352326e-02 4.564975666580457780e-02 1.670720328265984725e-02 -1.234209476391380511e-02 9.997842477944957063e-01 -3.081689202424813812e-01
9.990797688679339261e-01 -4.013799027987260959e-02 -1.511810118657160029e-02 1.905351605110739088e+00 4.031517139852274639e-02 9.991196431433584380e-01 1.160283479698173692e-02 7.066724887579883818e-02 1.463907971457511711e-02 -1.220164679898714903e-02 9.998183921274254038e-01 -2.967587359483006004e-01
9.986401462289317132e-01 -5.067280066376694120e-02 -1.225256363955394556e-02 2.256307467247102405e+00 5.075504781864242920e-02 9.986900001065360799e-01 6.496851849916439846e-03 6.981012475883505153e-02 1.190730103709815649e-02 -7.109896823420152473e-03 9.999038281707154363e-01 -2.456060683341336759e-01
9.978573466293082506e-01 -6.464220849980358008e-02 -1.010446281713207016e-02 2.633280135045888315e+00 6.467470041642529865e-02 9.979021236737716238e-01 2.921501405439814059e-03 7.912645085253547372e-02 9.894414264317703822e-03 -3.568744927926904582e-03 9.999446807923666469e-01 -2.876803674210680617e-01
9.970416029074611330e-01 -7.587642239674763367e-02 -1.228046917977694379e-02 3.017171922692674091e+00 7.588538968056360301e-02 9.971165119299689739e-01 2.644853003118175817e-04 1.172676481359012091e-01 1.222499243754505624e-02 -1.195611148552389643e-03 9.999245571966086654e-01 -3.819171847053055568e-01
9.966243335387205970e-01 -8.036085447047250363e-02 -1.679494263047892275e-02 3.329647782984735294e+00 8.034147454832879509e-02 9.967657246806689297e-01 -1.827113579317684320e-03 1.686550211471209426e-01 1.688745433081228001e-02 4.716153375446956349e-04 9.998572855561018713e-01 -3.995660958070309521e-01
9.962754661884249963e-01 -8.447632829215742656e-02 -1.729001385657566447e-02 3.679561433927273750e+00 8.441945525151708929e-02 9.964222979212467024e-01 -3.995077728153806004e-03 2.248244657841531879e-01 1.756564770819905169e-02 2.520584380626788527e-03 9.998425349434019171e-01 -5.122552897416181583e-01
9.954435055058864501e-01 -9.196072538556535059e-02 -2.520815916732751030e-02 4.076261376772081668e+00 9.173855159685156968e-02 9.957345531320865861e-01 -9.835593296517959605e-03 3.019375005725908889e-01 2.600512756693141789e-02 7.478217627102699307e-03 9.996338377764286687e-01 -4.970749007188821067e-01
9.945447570501104728e-01 -1.004733793550223880e-01 -2.803257045667730332e-02 4.543750274450969684e+00 1.001108956736382477e-01 9.948770574580027004e-01 -1.405170315738921150e-02 3.549370067667019790e-01 2.930078800046630183e-02 1.116868224965506667e-02 9.995082412820638362e-01 -6.685616725525611592e-01
9.931773694017752563e-01 -1.120419947473430822e-01 -3.233114184644977906e-02 4.962918021260057877e+00 1.116891838237173834e-01 9.936642473667153252e-01 -1.252562373174290720e-02 4.212769478563866410e-01 3.352970095545604323e-02 8.829127371723114945e-03 9.993987221009069666e-01 -7.965754656881411933e-01
9.917759229483859018e-01 -1.222739530061090762e-01 -3.781001388763763349e-02 5.359431635763220569e+00 1.219851615011242618e-01 9.924829292044899942e-01 -9.861917055391857326e-03 4.737327177126041677e-01 3.873165508933970602e-02 5.168551290002472952e-03 9.992362809205449503e-01 -9.159821109512293891e-01
9.901459188408869849e-01 -1.323908450163035766e-01 -4.564779563086583669e-02 5.736560546716461317e+00 1.319049394582391677e-01 9.911702882867091668e-01 -1.351105763525240443e-02 5.595367589593960300e-01 4.703348654379983784e-02 7.356748975614424944e-03 9.988662220793050883e-01 -9.946272088210448281e-01
9.891412246225324001e-01 -1.396782840065792786e-01 -4.571227603935099776e-02 6.157351457110690873e+00 1.391230182281769923e-01 9.901595630137423054e-01 -1.512705926860475995e-02 6.155410153099337700e-01 4.737537646844692391e-02 8.603168268554617359e-03 9.988401070351206057e-01 -1.065187488175545427e+00
9.878317059577771397e-01 -1.482608145095004604e-01 -4.698136575587191777e-02 6.591827994904881471e+00 1.477986426811531140e-01 9.889296132303584397e-01 -1.318271341118297350e-02 6.978280498545202937e-01 4.841575139221954149e-02 6.078520242538911281e-03 9.988087739176931823e-01 -1.172872751674915115e+00
9.863807748114409302e-01 -1.567489697510950353e-01 -4.982694410401712626e-02 6.980730379516030482e+00 1.560805907258270564e-01 9.875970241401239580e-01 -1.705784429539050281e-02 7.888165624327032610e-01 5.188274948330838521e-02 9.048510946904923455e-03 9.986121895081889743e-01 -1.268724561416886054e+00
9.846837363885819761e-01 -1.658439501731113763e-01 -5.379330700275285204e-02 7.333214486534208376e+00 1.645329760929560570e-01 9.859747199925671390e-01 -2.797775238389836258e-02 8.741664171910393799e-01 5.767879091909739603e-02 1.869846532347351278e-02 9.981600697317588589e-01 -1.258797361146033245e+00
9.818454302275356760e-01 -1.777217209876767179e-01 -6.629130202152648532e-02 7.703859188001920266e+00 1.753711383879339725e-01 9.836982936468156025e-01 -3.978234126033920043e-02 9.736663424513256615e-01 7.228083821383947394e-02 2.743452961743934881e-02 9.970069345671992433e-01 -1.254341050570378480e+00
9.795240427787024196e-01 -1.894660375774064875e-01 -6.808278328358559339e-02 8.170357868795248280e+00 1.865994370141073888e-01 9.813440992189452761e-01 -4.630781053906083550e-02 1.086138467506944982e+00 7.558640690627634051e-02 3.265540567305395825e-02 9.966043950285156106e-01 -1.347275271757512494e+00
9.777925315924635985e-01 -1.962957248286035516e-01 -7.341490522176312428e-02 8.593673344332460218e+00 1.928723025475114206e-01 9.798873177651834521e-01 -5.119691361289222670e-02 1.203871440726330677e+00 8.198808271491724031e-02 3.590025897401926541e-02 9.959865091702849726e-01 -1.442482708394634550e+00
9.768209807834191682e-01 -2.012300364020876975e-01 -7.298793368696027128e-02 9.012908990613428983e+00 1.978765490787315340e-01 9.789169810110184278e-01 -5.065985013953670790e-02 1.298966297606106490e+00 8.164342402887643513e-02 3.504300503484158308e-02 9.960453503009676357e-01 -1.570273519630102088e+00
9.744976848424959925e-01 -2.083329564022159686e-01 -8.337646816544831696e-02 9.386068333569248523e+00 2.047160982666862417e-01 9.775487503999075178e-01 -4.989754330568917096e-02 1.413595504924385571e+00 9.189987939888973056e-02 3.155653603168338123e-02 9.952681036819668314e-01 -1.645964826800611291e+00
9.718878247070243948e-01 -2.176277250914806227e-01 -8.984554944763814555e-02 9.770198314967451836e+00 2.134674275844303803e-01 9.754737781554162490e-01 -5.368958051515483609e-02 1.554154371842490834e+00 9.932633440139933267e-02 3.300115218550823959e-02 9.945075185510240390e-01 -1.710043706594417623e+00
9.702678166142634231e-01 -2.244938554586618507e-01 -9.045919426207291170e-02 1.015961393886316166e+01 2.200784404338424205e-01 9.738578987272290544e-01 -5.626969920966205796e-02 1.662392057529472389e+00 1.007266183553614941e-01 3.468856073529295869e-02 9.943092342678038209e-01 -1.843890503938950598e+00
9.683795731519004857e-01 -2.324857029370106243e-01 -9.050631315906396135e-02 1.047350273641538543e+01 2.285818554243990441e-01 9.721622702783184744e-01 -5.148652219286673631e-02 1.795256714835254064e+00 9.995671887190925309e-02 2.917039613201402593e-02 9.945640972692075810e-01 -1.857170939746640270e+00
9.658072802963025838e-01 -2.429586092340574877e-01 -9.048427170338689540e-02 1.089030418525699773e+01 2.395952334995940236e-01 9.697582461723532887e-01 -4.650887024356018667e-02 1.918039448497286248e+00 9.904761464457720321e-02 2.323900579183147894e-02 9.948112986244346256e-01 -1.919398463158990653e+00
9.617923798537872937e-01 -2.588040097400291506e-01 -8.930785858503673125e-02 1.135832349879817826e+01 2.553489778978180746e-01 9.656389656174180214e-01 -4.835592468825517659e-02 2.042431206136880562e+00 9.875387095815951755e-02 2.370368998754773804e-02 9.948295377951702489e-01 -2.044452632947387105e+00
9.583697337508125802e-01 -2.715541097350913091e-01 -8.823723227003724134e-02 1.185158628445739382e+01 2.679419481085763555e-01 9.620995036884065765e-01 -5.071159746389689027e-02 2.213794540170836989e+00 9.866395565815178070e-02 2.495800478117591800e-02 9.948077819672870303e-01 -2.034326464682084001e+00
9.552749069233870127e-01 -2.833086889427250954e-01 -8.477044606822180250e-02 1.228064734084222565e+01 2.795816070353004390e-01 9.586436214677265255e-01 -5.325919118830540339e-02 2.349593402036509904e+00 9.635345430088330942e-02 2.717691195321608397e-02 9.949760944067410628e-01 -2.172224985662967178e+00
9.534416485068344382e-01 -2.871735069965907772e-01 -9.208902688717525431e-02 1.261566835716476120e+01 2.828648517239230054e-01 9.574568099324443082e-01 -5.713092346367148328e-02 2.522789138183886060e+00 1.045777700750363665e-01 2.842225353970202761e-02 9.941104902793758136e-01 -2.028360120596151006e+00
9.509064475009511019e-01 -2.946069021022464929e-01 -9.478232878944009565e-02 1.302436373077977017e+01 2.899581888012172648e-01 9.551645736867868663e-01 -5.987400142508716300e-02 2.697152465107264252e+00 1.081720338204846810e-01 2.945166225880734012e-02 9.936958348357888271e-01 -2.089203300424801846e+00
9.472021731097827191e-01 -3.063055618177992212e-01 -9.478889039601953725e-02 1.350070041291864342e+01 3.014436386235002097e-01 9.514465214970766471e-01 -6.229976239761100126e-02 2.892395503294732162e+00 1.092693410302022217e-01 3.043696297165370684e-02 9.935460753825196001e-01 -2.202054458428923223e+00
9.428105757814922994e-01 -3.185112915896151087e-01 -9.827900081118631781e-02 1.390593299968957552e+01 3.135521152717593574e-01 9.474949723774842569e-01 -6.275635527992615148e-02 3.036809662681428268e+00 1.131074848066124516e-01 2.835176743812818645e-02 9.931781692143422102e-01 -2.245956101834811314e+00
9.388888443064328237e-01 -3.297094396170059394e-01 -9.889089581503685000e-02 1.433874025136143260e+01 3.250050193511068719e-01 9.437509726200089544e-01 -6.087570735390197135e-02 3.191736622691565106e+00 1.133996924099238135e-01 2.501548545641627680e-02 9.932344823402018408e-01 -2.263370375953987157e+00
9.363343578057041761e-01 -3.367899285793841124e-01 -9.924968333325683012e-02 1.473130451343701353e+01 3.323608927693343373e-01 9.413230331572530751e-01 -5.871283881454130577e-02 3.361046553479714039e+00 1.131999236751645155e-01 2.198813519142742146e-02 9.933288986308502766e-01 -2.292874732943806837e+00
9.318384512801738406e-01 -3.477218210443358548e-01 -1.037623250725749069e-01 1.509632268920946885e+01 3.430713654522649092e-01 9.373714695478191361e-01 -6.030572422783170988e-02 3.507465124164959924e+00 1.182334780999458601e-01 2.059731038235519673e-02 9.927721779435156879e-01 -2.246900486591612456e+00
9.276021591182721515e-01 -3.578520932307842628e-01 -1.072198537386661044e-01 1.546799780773937094e+01 3.527856475036736938e-01 9.335373979459312688e-01 -6.364140510201340972e-02 3.663234805098635416e+00 1.228679727370538127e-01 2.120827952016610118e-02 9.921963878952450022e-01 -2.215890845779369123e+00
9.228812991863544202e-01 -3.687745060368136651e-01 -1.108848660642069023e-01 1.586946078207909494e+01 3.633739691742717270e-01 9.292851331822655769e-01 -6.624587205545395818e-02 3.838350239900151450e+00 1.274734664305058607e-01 2.084440280083274880e-02 9.916229265170127816e-01 -2.198405792763789446e+00
9.171489380094605126e-01 -3.821034799781926616e-01 -1.132904984557492195e-01 1.623687584562397745e+01 3.764036841688706558e-01 9.238913729322294488e-01 -6.888406556869605679e-02 3.998038145135364818e+00 1.309889760459758690e-01 2.053398678229378937e-02 9.911711486115273306e-01 -2.116057060158290426e+00
9.090550640642703906e-01 -3.999604889606244162e-01 -1.168352555031134249e-01 1.670418950947198056e+01 3.938843373547319393e-01 9.163232876063874821e-01 -7.215802018841706300e-02 4.219022136300123904e+00 1.359192439712986478e-01 1.957603660426172898e-02 9.905264965671434219e-01 -2.179087209732834207e+00
9.021468562101717659e-01 -4.141498598818431076e-01 -1.208756428495402768e-01 1.715020940437780439e+01 4.074897384457301097e-01 9.099924723383848724e-01 -7.658872717990264367e-02 4.417835781385773153e+00 1.417151581225445933e-01 1.983869547219449872e-02 9.897086656413478511e-01 -2.184468156128671179e+00
8.984357342093221011e-01 -4.204863645831867225e-01 -1.265085985145713299e-01 1.754598012787474204e+01 4.130920453875282505e-01 9.070630698167330142e-01 -8.118848275739755371e-02 4.538565186742387070e+00 1.488899511972202050e-01 2.068293852831902535e-02 9.886374469497204442e-01 -2.139293052575021559e+00
8.940451638187324468e-01 -4.267961668675261944e-01 -1.361185247238443086e-01 1.795769901634087518e+01 4.186840834113584875e-01 9.041488790205279846e-01 -8.496154262807964486e-02 4.705034712810470587e+00 1.593326973716254757e-01 1.896879659875697066e-02 9.870426940098362412e-01 -1.991828433263235665e+00
8.876143067976222101e-01 -4.374003393456218913e-01 -1.442974700487725803e-01 1.840006389472805637e+01 4.287014840402931792e-01 8.991140922003623137e-01 -8.836802960562796516e-02 4.936939148447264003e+00 1.683921214244525899e-01 1.657618775779499953e-02 9.855807056688485890e-01 -1.865083243222778409e+00
8.810164980592231077e-01 -4.477805924329161247e-01 -1.526513807926443145e-01 1.881953917760565886e+01 4.384833660199319305e-01 8.940341442120331994e-01 -9.184394133343183608e-02 5.135136956940902664e+00 1.776015089647310918e-01 1.398093614042279428e-02 9.840031716689671137e-01 -1.677218765550156476e+00
8.744711421484672176e-01 -4.582337622251366205e-01 -1.591289167042666819e-01 1.922410935404592536e+01 4.483344574424769635e-01 8.887482341639334482e-01 -9.551342526710997205e-02 5.355376257786557126e+00 1.851930490126664219e-01 1.218075732038386740e-02 9.826266679532600357e-01 -1.543482733886164526e+00
8.682215956849425043e-01 -4.672120022361641034e-01 -1.670454303409276697e-01 1.959874301698717503e+01 4.566985553767816675e-01 8.840921702861750386e-01 -9.903276582467464284e-02 5.593282396634342568e+00 1.939528842832181077e-01 9.692978921932174363e-03 9.809629606475679386e-01 -1.364659005110789192e+00
8.630796922811527772e-01 -4.749298104156012834e-01 -1.718577576993344791e-01 1.999124462267914737e+01 4.640860669271257843e-01 8.799910133256879652e-01 -1.011927097000993453e-01 5.804883605737980901e+00 1.992927480319212630e-01 7.580581492209404609e-03 9.799106801177753789e-01 -1.163393595601284192e+00
8.585987177715970198e-01 -4.818323799940907315e-01 -1.750593253957752615e-01 2.037924920942189999e+01 4.710922513485656937e-01 8.762519537941384495e-01 -1.012651495231885190e-01 5.999069721484691087e+00 2.021889356191380327e-01 4.477035280574987591e-03 9.793363039816918025e-01 -9.755526836383510147e-01
8.529790748651404630e-01 -4.898520939859682954e-01 -1.801987531243899598e-01 2.076599331443389218e+01 4.787686176901310153e-01 8.718029488303853380e-01 -1.036352077788680187e-01 6.193021333994634503e+00 2.078637604717090415e-01 2.125155079777229627e-03 9.781554820065266886e-01 -9.033486969881401318e-01
8.489234422520971490e-01 -4.957031720101030547e-01 -1.833229946317757320e-01 2.116709811873283797e+01 4.844826437791002194e-01 8.684919639313882778e-01 -1.048728004375317630e-01 6.400262627602768539e+00 2.112003605740317980e-01 2.121689316955538700e-04 9.774427702294150588e-01 -7.035569417531181147e-01
8.434122692255354714e-01 -5.039362172083456937e-01 -1.862900906414418356e-01 2.157001655620153713e+01 4.924992425727696133e-01 8.637391803158841475e-01 -1.067668168492842129e-01 6.624708746124259306e+00 2.147097496435772801e-01 -1.699286053589657824e-03 9.766764266949685691e-01 -5.691649101807398914e-01
8.396627010363433286e-01 -5.087262903905354072e-01 -1.901685408251084786e-01 2.196795921444537569e+01 4.971619008538954998e-01 8.609193560543417778e-01 -1.079256039029974357e-01 6.813647022003944009e+00 2.186244040687542745e-01 -3.923450030253348639e-03 9.758012007445054925e-01 -4.515758275330608584e-01
8.365965389052200107e-01 -5.149424811294620596e-01 -1.869236090535051076e-01 2.236814615214595747e+01 5.040850520517869970e-01 8.572031496673754303e-01 -1.053615232767346893e-01 7.056237614548893866e+00 2.144866642741034835e-01 -6.080312458991274718e-03 9.767079948915388110e-01 -3.020080386596817323e-01
8.337843852263834288e-01 -5.216998142717523823e-01 -1.806456909810724432e-01 2.273508708789242760e+01 5.119015852899271302e-01 8.530889166481557817e-01 -1.009757312448861244e-01 7.233576209491490161e+00 2.067858895352099324e-01 -8.280828652747788607e-03 9.783511792478226665e-01 -1.335013649785629086e-01
8.315235984482149956e-01 -5.274568868411936284e-01 -1.742346128399726579e-01 2.308636342360805571e+01 5.186718648888511973e-01 8.495204847541698578e-01 -9.640785451531821981e-02 7.433127351822898632e+00 1.988668908658778045e-01 -1.020518661020919024e-02 9.799733769799670036e-01 1.037064140700425241e-01
8.272213364664698920e-01 -5.330803436675227713e-01 -1.775673657203041267e-01 2.346503758908866999e+01 5.246490144620730156e-01 8.459459846516328430e-01 -9.549259274235133432e-02 7.702172133403146326e+00 2.011176558420838256e-01 -1.416703452710577939e-02 9.794646443356898047e-01 2.490357782573508205e-01
8.245135843299065126e-01 -5.393038330335293562e-01 -1.712562003547518641e-01 2.386458070478736460e+01 5.316965269480792289e-01 8.419678767026347321e-01 -9.159110930631551850e-02 7.978585074145490452e+00 1.935876862268285925e-01 -1.553821447808157591e-02 9.809599263296783223e-01 3.876235447050452310e-01
8.195991760707738161e-01 -5.480692715592193620e-01 -1.669647402526598656e-01 2.427655879107974712e+01 5.407596572296875514e-01 8.362798447260217927e-01 -9.063690769932646052e-02 8.313915356550197089e+00 1.893045809209371044e-01 -1.600186223651024059e-02 9.817880225600020827e-01 4.576340228897258222e-01
8.180625409306729878e-01 -5.519159181088536537e-01 -1.617481330986025312e-01 2.469314703035568925e+01 5.453639403040750899e-01 8.337181519529245355e-01 -8.655778954509951717e-02 8.615851813598741415e+00 1.826250053800573814e-01 -1.740191541159892552e-02 9.830286290787578762e-01 5.538690574640563469e-01
8.137880527413603460e-01 -5.585286396593930336e-01 -1.606073571764703167e-01 2.510347192100773484e+01 5.523635822616296265e-01 8.292555319036158945e-01 -8.502806543365100389e-02 8.935448277904736614e+00 1.806751777251081048e-01 -1.951883290044283820e-02 9.833491241993284060e-01 5.703416696487161319e-01
8.128453972587844634e-01 -5.618887792554388971e-01 -1.535034823233071832e-01 2.544995683773009887e+01 5.566434716468637856e-01 8.269485128997431378e-01 -7.939923902045943616e-02 9.186350535010390672e+00 1.715530451472521978e-01 -2.090740693580069032e-02 9.849530127459759088e-01 7.569536359860352670e-01
8.135051760415106248e-01 -5.629696993933066551e-01 -1.458574835649813772e-01 2.583819814013880745e+01 5.585474198356759068e-01 8.261964142187901983e-01 -7.364985978262497679e-02 9.470177033034721248e+00 1.619695951097556708e-01 -2.155378059829128612e-02 9.865603319685541939e-01 8.963937537011451573e-01
8.152193123014426224e-01 -5.623242283083684789e-01 -1.385961576412380880e-01 2.618669313648985053e+01 5.585934358021066304e-01 8.266297220487531794e-01 -6.824011305360486168e-02 9.740292251275365132e+00 1.529407965915038914e-01 -2.178824749751552201e-02 9.879951358236320758e-01 1.037808467254799805e+00
8.177493546548735281e-01 -5.608235497028100092e-01 -1.294716163954443833e-01 2.659620501945617832e+01 5.577632005771790968e-01 8.276613615484724740e-01 -6.226491384421073416e-02 1.004045558531644389e+01 1.420783070749588317e-01 -2.129741165974088565e-02 9.896262819134495903e-01 1.166558333595988373e+00
8.184178409772449037e-01 -5.616809473923044527e-01 -1.212712311832450790e-01 2.698177148528489866e+01 5.590576723115339153e-01 8.271026645954063783e-01 -5.792873406439800338e-02 1.030503611001333297e+01 1.328412460465277223e-01 -2.038770436396688743e-02 9.909276196729605024e-01 1.230048266230294285e+00
8.211619819693145583e-01 -5.591512409238297288e-01 -1.142052990897732268e-01 2.737559460968046210e+01 5.566063344092089249e-01 8.288807599272071114e-01 -5.609020391588713517e-02 1.060749586867088645e+01 1.260255025479348479e-01 -1.750825138263819442e-02 9.918724898571452675e-01 1.266720184930198778e+00
8.235124132213111903e-01 -5.574897022755096465e-01 -1.050357028069497239e-01 2.775872600398023238e+01 5.555209318022221732e-01 8.300043482401400219e-01 -4.989301293190143149e-02 1.089512355852574643e+01 1.149949496288934087e-01 -1.726201750611706248e-02 9.932160823427479412e-01 1.302469827359123977e+00
8.322442393583000531e-01 -5.448653989505995998e-01 -1.024264933193395066e-01 2.809498277779447761e+01 5.429643493665323728e-01 8.383783516315024276e-01 -4.807795444637843335e-02 1.111745902945999553e+01 1.120681866490707279e-01 -1.560133508239840497e-02 9.935780400609992569e-01 1.467711188284707813e+00
8.402765824118187954e-01 -5.327422229958688193e-01 -1.006029519010338269e-01 2.844356393721875520e+01 5.311634501808160103e-01 8.461194611766434948e-01 -4.412799535928643713e-02 1.134801890068213659e+01 1.086309794439952181e-01 -1.635689130733746985e-02 9.939475660785787037e-01 1.464322807014335481e+00
8.477758099640833045e-01 -5.224578758539157874e-01 -9.118064815440260484e-02 2.880201716484375751e+01 5.214584033637567062e-01 8.525012596271485110e-01 -3.636987810974232072e-02 1.155551932016009609e+01 9.673336249083119842e-02 -1.671341373333445901e-02 9.951699953938243359e-01 1.675102406766643570e+00
8.559071653885601538e-01 -5.097439305583094660e-01 -8.708626619974942085e-02 2.915659189876677004e+01 5.087699474058305915e-01 8.602023541671675044e-01 -3.471427805732624911e-02 1.177697691146763681e+01 9.260721891750456347e-02 -1.459467704332808972e-02 9.955957511120145931e-01 1.780939518055477011e+00
8.644059017305383286e-01 -4.964120034180493635e-01 -7.985943891209476564e-02 2.953283129426791831e+01 4.954858970133696472e-01 8.680103762964638259e-01 -3.243056507903589042e-02 1.198196265359151980e+01 8.541775746398315439e-02 -1.153605502788647430e-02 9.962784385789145158e-01 1.735176597676221677e+00
8.722571152414565487e-01 -4.832496137707529837e-01 -7.508200458209567107e-02 2.990196857272581354e+01 4.822592803907395642e-01 8.754433983336530334e-01 -3.201359592871579063e-02 1.218969409902140200e+01 8.120061650853097057e-02 -8.284907679327936994e-03 9.966633439130097027e-01 1.750226505557831880e+00
8.816287727791419782e-01 -4.665466732385578075e-01 -7.116798712353053502e-02 3.025465238882199159e+01 4.654877453618403993e-01 8.844820274641446156e-01 -3.182338284568991121e-02 1.234217886250202767e+01 7.779391178681771546e-02 -5.071416766581923405e-03 9.969565631687575813e-01 1.631413318614478802e+00
8.920806853237904788e-01 -4.464874342667243257e-01 -6.957727952999170906e-02 3.061128510112151346e+01 4.452132332797925640e-01 8.947894421088267158e-01 -3.372024241197183608e-02 1.250758830338528327e+01 7.731269238737385752e-02 -8.955492980405028005e-04 9.970064926471349231e-01 1.563196102426378076e+00
9.043556218867140339e-01 -4.224522069872846397e-01 -6.062194756068153140e-02 3.099190749922297883e+01 4.211452896624200415e-01 9.063724165312810888e-01 -3.355158173049016535e-02 1.268789143460287860e+01 6.912001229977422778e-02 4.811913462257289865e-03 9.975967471812557941e-01 1.551981979858026328e+00
9.139817423614273739e-01 -4.023714871159678186e-01 -5.229284477185909552e-02 3.139568440187414922e+01 4.011798017786101234e-01 9.154387921090652025e-01 -3.204065672619704069e-02 1.285691859695353934e+01 6.076315548366610642e-02 8.305741878640882439e-03 9.981176553979413946e-01 1.514836278910428602e+00
9.205238787991867344e-01 -3.885046875028510538e-01 -4.122958205461032394e-02 3.184777234961313397e+01 3.874939955699207572e-01 9.213671399724655542e-01 -3.051253257259527868e-02 1.303606167643386726e+01 4.984185248365071569e-02 1.211129922597641538e-02 9.986836868721712390e-01 1.432734611971140826e+00
9.269145775750086136e-01 -3.736488738767291262e-01 -3.486930456383637023e-02 3.219494731250841113e+01 3.726890134740045712e-01 9.274351738431421133e-01 -3.109524208431686809e-02 1.313575776732247036e+01 4.395772925247952434e-02 1.582722648623136052e-02 9.989080123321694149e-01 1.258036869515968270e+00
9.360496944005188835e-01 -3.506439212346225132e-01 -2.932227089597261652e-02 3.259371826873304201e+01 3.497915435517797711e-01 9.363291890573307574e-01 -3.055389221875781658e-02 1.327373253814434229e+01 3.816884130282051368e-02 1.834327922234682898e-02 9.991029295065756433e-01 1.232701220016703791e+00
9.436970601561457395e-01 -3.298868216760633687e-01 -2.470891994567948544e-02 3.300269670737402805e+01 3.291111152987767907e-01 9.437875866852603046e-01 -3.083630873039050826e-02 1.338160732329363789e+01 3.349246965049390568e-02 2.096815397133738185e-02 9.992189905287649498e-01 1.062878206276437254e+00
9.501320984994009455e-01 -3.114432512174943879e-01 -1.587719410250718749e-02 3.341063397104333887e+01 3.109022277816149704e-01 9.499845029687210562e-01 -2.948322278968575419e-02 1.349704827853378397e+01 2.426544351716032610e-02 2.307670169875838256e-02 9.994391697614428693e-01 9.873909650368078994e-01
9.556646315977490591e-01 -2.944560069402170077e-01 -8.728028623365250999e-04 3.387968432865925195e+01 2.943291614457640981e-01 9.553318941353395877e-01 -2.667071700353980737e-02 1.364223369438283306e+01 8.687171254072744223e-03 2.523137009768626829e-02 9.996438920632256808e-01 9.777412754430157005e-01
9.620303773686337268e-01 -2.727994816412115942e-01 8.831034133558561539e-03 3.420499888757600360e+01 2.729359980516392059e-01 9.617259532475448403e-01 -2.427222202218144720e-02 1.371013993893502558e+01 -1.871584770831783741e-03 2.576092257473745761e-02 9.996663803323407871e-01 9.447151467820184001e-01
9.681688319813243071e-01 -2.495363264019539729e-01 1.951223503854969399e-02 3.464764695107024295e+01 2.499823503310434347e-01 9.679192363624885553e-01 -2.532161057790737260e-02 1.378931526837404853e+01 -1.256760726155017188e-02 2.939330923069490703e-02 9.994889136880406033e-01 8.586792204209491297e-01
9.739332380655829624e-01 -2.249977778997618583e-01 2.881044489687970001e-02 3.503428090519754790e+01 2.256946306531637247e-01 9.739085910884305308e-01 -2.374860162388894511e-02 1.383222609272537085e+01 -2.271536010365764191e-02 2.963191595768025280e-02 9.993027379161403267e-01 9.303115681007274596e-01
9.781526367503456942e-01 -2.051976916009737306e-01 3.333648931596812359e-02 3.542610365710083897e+01 2.060379429832564224e-01 9.782480069516673593e-01 -2.406674294020569663e-02 1.388097924502361380e+01 -2.767291783291888491e-02 3.040953056116880993e-02 9.991543775353618484e-01 7.967217776322534917e-01
9.823270178121915608e-01 -1.841092004574095553e-01 3.372578042164414702e-02 3.585791574328528952e+01 1.849880475686944137e-01 9.824205139372448325e-01 -2.508705329002872478e-02 1.390238832410214087e+01 -2.851414508504388282e-02 3.088255737408403603e-02 9.991162150950427812e-01 6.631579866858998695e-01
9.859191211963419521e-01 -1.630876800892599177e-01 3.695797296573861274e-02 3.624790894547597020e+01 1.640614013602054999e-01 9.861324257876287191e-01 -2.503395156359327148e-02 1.389552038519635602e+01 -3.236273095429234581e-02 3.074482924378358142e-02 9.990032078270834059e-01 4.587832680455287138e-01
9.895742867771885054e-01 -1.407565782056580395e-01 3.050105294848713330e-02 3.658343099050042468e+01 1.415567738903063255e-01 9.895917827656919297e-01 -2.588022022060532112e-02 1.388075155188063903e+01 -2.654078379794840362e-02 2.992803199929239960e-02 9.991996295865434030e-01 3.009025456757229433e-01
9.927225712917050471e-01 -1.172462837265776381e-01 2.748096969436599965e-02 3.700825582753381582e+01 1.179642795007391776e-01 9.926735869438607640e-01 -2.614536944546384800e-02 1.391288535873849952e+01 -2.421418873400154811e-02 2.919687205881823719e-02 9.992803489388829563e-01 2.577211684779916467e-01
9.950244057998895997e-01 -9.628485897475780320e-02 2.560579246610200296e-02 3.739466203430857405e+01 9.687919426482761998e-02 9.950285204330682198e-01 -2.307956833398374166e-02 1.393554697665020825e+01 -2.325628409060302021e-02 2.544540309439952477e-02 9.994056617626838612e-01 2.364116205886457878e-01
9.964061576298601786e-01 -7.947547519594060084e-02 2.929875430768717412e-02 3.787714787673312600e+01 8.011289681649759464e-02 9.965589874704923190e-01 -2.126285806935478487e-02 1.397791683415597852e+01 -2.750806514402380845e-02 2.353365152874379099e-02 9.993445220224768111e-01 1.094582178484824753e-01
9.977553503017593250e-01 -5.859146751631501282e-02 3.242376179087593652e-02 3.826249104451359528e+01 5.924168304711564803e-02 9.980537941484780573e-01 -1.946914298378672747e-02 1.392694215067689356e+01 -3.121993739863712994e-02 2.134628048820302534e-02 9.992845700625183625e-01 9.956228575787319512e-02
9.988906555078598259e-01 -3.580337224447496802e-02 3.058719630719694549e-02 3.869192961493970984e+01 3.640201770201330345e-02 9.991519194297678874e-01 -1.924409741476934901e-02 1.393834543231909251e+01 -2.987225674995732869e-02 2.033618542424669301e-02 9.993468306721500216e-01 1.603443723952109601e-02
9.994313945656519982e-01 -1.427766085078266065e-02 3.054563471503644531e-02 3.907300589039079597e+01 1.480888993960016199e-02 9.997417700130885043e-01 -1.723630548605287888e-02 1.388712023432395881e+01 -3.029165734360369025e-02 1.767885238380165897e-02 9.993847476441369837e-01 -1.671442321601153136e-01
9.992298800896695088e-01 5.284314288201506955e-03 3.888087553462681728e-02 3.945454745676725850e+01 -4.711043865866463426e-03 9.998790622413052942e-01 -1.482116906944831898e-02 1.386697357978433054e+01 -3.895449899418661904e-02 1.462658599687371649e-02 9.991339300876550533e-01 -1.568363863460420504e-01
9.988327883086290937e-01 2.493840428375093329e-02 4.136588733690383518e-02 3.994881202363544759e+01 -2.446230387779255513e-02 9.996290149813663595e-01 -1.197615451669933016e-02 1.385617722139724783e+01 -4.164921376765639421e-02 1.095027131371594312e-02 9.990722871080243150e-01 -1.940466867924456607e-01
9.979492394169335867e-01 4.439422633867634582e-02 4.611363796130883014e-02 4.033092298923725139e+01 -4.405183378780719305e-02 9.989938017940007686e-01 -8.415475219979219254e-03 1.380602118698456415e+01 -4.644084415798399590e-02 6.366827047706965365e-03 9.989007517839794126e-01 -2.124413981131903495e-01
9.966620895086917287e-01 6.767187512391478754e-02 4.566394381985591083e-02 4.068923971337695633e+01 -6.749538950486846933e-02 9.977049855029440639e-01 -5.397677703316323614e-03 1.377777059946083149e+01 -4.592442250753631106e-02 2.297555209944626958e-03 9.989422751472241124e-01 -2.166466523564692936e-01
9.951394044349375356e-01 8.544423540105598736e-02 4.895760543079868965e-02 4.112607958782366069e+01 -8.535024225228553252e-02 9.963429364293078239e-01 -4.011250941816238771e-03 1.371295425717278071e+01 -4.912131028630824930e-02 -1.867895323790784066e-04 9.987928025718145753e-01 -1.717097479774715441e-01
9.932509266834310679e-01 1.068475345660686721e-01 4.512426570719547947e-02 4.150213331036239595e+01 -1.068092266695152698e-01 9.942741681079193539e-01 -3.266374248086641348e-03 1.364451984764356496e+01 -4.521490290767720549e-02 -1.575358635978124124e-03 9.989760413689007246e-01 -1.664076238360913673e-01
9.905229459708211337e-01 1.278943020007482501e-01 5.007333328919379156e-02 4.189768065082348159e+01 -1.279185910512654623e-01 9.917809071159768841e-01 -2.732835791199693300e-03 1.357977763412753625e+01 -5.001129794413487761e-02 -3.698373704377930574e-03 9.987418047861635895e-01 -1.451948817793091706e-01
9.876037539340102311e-01 1.476453989171326864e-01 5.328844507393072638e-02 4.232155382968259971e+01 -1.477679199624797601e-01 9.890206792229810917e-01 -1.655471852977385494e-03 1.351243519510626712e+01 -5.294780534705444824e-02 -6.239372564268537251e-03 9.985777890185806305e-01 -3.904515737765165695e-02
9.849851690285048589e-01 1.635488575916697884e-01 5.528095810692076895e-02 4.272518347202554168e+01 -1.636921427829169662e-01 9.865095312424346785e-01 -1.957147270774424377e-03 1.344662626869268962e+01 -5.485529000301767044e-02 -7.121297568685285018e-03 9.984689203481664777e-01 -1.024845240470081270e-02
9.823569081046712448e-01 1.772046355241694293e-01 5.977807258895120879e-02 4.312859450908909054e+01 -1.773678514837126186e-01 9.841411741303057736e-01 -2.607385610655174255e-03 1.334584124034642549e+01 -5.929211280429088488e-02 -8.041325174471853840e-03 9.982082864613924800e-01 9.471189477128319489e-02
9.799405168606341032e-01 1.881515865597720161e-01 6.569291438706981179e-02 4.355305111822903541e+01 -1.884210914518865410e-01 9.820860351434222979e-01 -2.125126341797785139e-03 1.325846330539761730e+01 -6.491595004413405756e-02 -1.029543343570398818e-02 9.978376242254717310e-01 8.367541804493543178e-02
9.772468920830723604e-01 1.979969977377613044e-01 7.606375748850030538e-02 4.393684218429071819e+01 -1.984256581393512575e-01 9.801139915158170179e-01 -1.956161366735564323e-03 1.320938192433229474e+01 -7.493847890808956469e-02 -1.318134883176311743e-02 9.971010367587006540e-01 1.320026640786936545e-01
9.737103376551569101e-01 2.099913399429963468e-01 8.827122405787096726e-02 4.434112116638530665e+01 -2.105394849131072832e-01 9.775802498876785540e-01 -3.160009470037219298e-03 1.309182459257002051e+01 -8.695579361847943778e-02 -1.550764452751097686e-02 9.960914638429776424e-01 1.481122083520962085e-01
9.704202685621234892e-01 2.217982646859723572e-01 9.534162176319453674e-02 4.475034045790959425e+01 -2.224289149345952676e-01 9.749403071388610398e-01 -4.096495085963721729e-03 1.297468404358600402e+01 -9.386100030835668739e-02 -1.723141203314054043e-02 9.954361821326835891e-01 1.145884633511767281e-01
9.672930170723507137e-01 2.331471251527815203e-01 9.993312307624153956e-02 4.519558157015568156e+01 -2.338251659155168583e-01 9.722656079409983665e-01 -5.038448994043003351e-03 1.286486985142820316e+01 -9.833625407039592314e-02 -1.849322301130688212e-02 9.949813986313866820e-01 1.068665555986824528e-01
9.632551291889535072e-01 2.480869390428918630e-01 1.029194721524611666e-01 4.565966250436498797e+01 -2.487618606942467447e-01 9.685433343736151723e-01 -6.430670799162381546e-03 1.276070272097201652e+01 -1.012773501623537159e-01 -1.940806324496406957e-02 9.946689033591059603e-01 5.903363973732977943e-03
9.599909367485370826e-01 2.577270368072820395e-01 1.095178799747917597e-01 4.610629952792427844e+01 -2.581667390100157444e-01 9.660444887560317717e-01 -1.039175701502689959e-02 1.264158220591366977e+01 -1.084773982260310993e-01 -1.829788182276389022e-02 9.939305024577366199e-01 -1.562287342305544724e-01
9.560135998336342089e-01 2.717597523913511948e-01 1.103839806347964719e-01 4.658215091470579239e+01 -2.719790212701230225e-01 9.622104732350128531e-01 -1.335762184634641490e-02 1.251054001059713094e+01 -1.098427036072043006e-01 -1.725205926852852248e-02 9.937992498877799008e-01 -2.893125077934565192e-01
9.510900609420072094e-01 2.867240912890633986e-01 1.149651232966593384e-01 4.705697498650995669e+01 -2.865237022166221559e-01 9.578921538666359536e-01 -1.862255327069746100e-02 1.236195509167017015e+01 -1.154637424842202970e-01 -1.522850774708963892e-02 9.931949552215744159e-01 -3.940974116052908816e-01
9.460415028199001819e-01 2.987615826675630304e-01 1.254869655468297818e-01 4.752979557809541689e+01 -2.981779608956130478e-01 9.542122103490370266e-01 -2.385313238503245295e-02 1.219342382945969128e+01 -1.268676143548339019e-01 -1.485139460565110606e-02 9.918084730890405210e-01 -5.293849406060036067e-01
9.422035368767650576e-01 3.067168310190741543e-01 1.348230935546939901e-01 4.804726035041070276e+01 -3.056525509836779397e-01 9.517001000294061930e-01 -2.904219156711089489e-02 1.202621303123370922e+01 -1.372189021823499444e-01 -1.384536713300783817e-02 9.904439822144806005e-01 -7.030109816626954888e-01
9.366418586881228858e-01 3.214019306303332879e-01 1.392939774746660697e-01 4.855204560009507020e+01 -3.201292155624430591e-01 9.468309893355706386e-01 -3.206829086109812266e-02 1.185537701666778965e+01 -1.421946874847191400e-01 -1.455556846774547740e-02 9.897316857188476202e-01 -8.436482248267618278e-01
9.323965391960321591e-01 3.312712177462992513e-01 1.445546872603971356e-01 4.901690989807103449e+01 -3.296018451546398054e-01 9.434312949401741921e-01 -3.605590707489059882e-02 1.171556089107199838e+01 -1.483217233783996891e-01 -1.402708893175608207e-02 9.888396790521066793e-01 -1.016656885942537780e+00
9.266342469077782917e-01 3.421751308994475660e-01 1.557727013023861851e-01 4.948736887273139473e+01 -3.399330581935503526e-01 9.395265863993657041e-01 -4.165721139828222619e-02 1.155190506650006554e+01 -1.606066813043460217e-01 -1.435129228061873298e-02 9.869141495876166958e-01 -1.076651714321832820e+00
9.185941193816267170e-01 3.543047793564303438e-01 1.750798313189211863e-01 4.994418212573439320e+01 -3.508864739004481925e-01 9.350187192707406503e-01 -5.117315510182420674e-02 1.137914486521217228e+01 -1.818338415573532429e-01 -1.442578557165512948e-02 9.832234518310498661e-01 -1.232006001604085910e+00
9.115220228442382222e-01 3.654051413395727477e-01 1.886972786415015146e-01 5.042668173812602106e+01 -3.605663433357594871e-01 9.307609438094034404e-01 -6.062996858042132148e-02 1.117884524637639920e+01 -1.977865903275221326e-01 -1.277233635146871049e-02 9.801618940218852494e-01 -1.468300388683625890e+00
9.077661747220399091e-01 3.685624678048731173e-01 2.003054087255984883e-01 5.093947469479095247e+01 -3.626581051515771481e-01 9.295254179358871660e-01 -6.679529855833582497e-02 1.096624990085925688e+01 -2.108072417401669341e-01 -1.200786748738822199e-02 9.774538992441127450e-01 -1.584594116787971796e+00
9.026816155781403062e-01 3.729496943705161716e-01 2.146494874096817329e-01 5.149523167439843974e+01 -3.652980739100049612e-01 9.277979660245053717e-01 -7.581732907713666092e-02 1.077010867154424645e+01 -2.274274429646896689e-01 -9.972135304664326780e-03 9.737439720139883237e-01 -1.772649716960880140e+00
8.967797945770026313e-01 3.802279468580432309e-01 2.263021941206944387e-01 5.197062774406914798e+01 -3.706154459961421010e-01 9.248632271321861609e-01 -8.527730456588172858e-02 1.053587751042749332e+01 -2.417234296038380525e-01 -7.396124932474994369e-03 9.703170050355438558e-01 -2.003529443179957958e+00
8.909814572510178499e-01 3.884779568208002187e-01 2.350253031219343425e-01 5.244824313005366889e+01 -3.766561165347175333e-01 9.214504968220215142e-01 -9.517966526025560536e-02 1.030304294207764038e+01 -2.535394236386230848e-01 -3.720400972135282872e-03 9.673179050933238265e-01 -2.214341667052609708e+00
8.888970077070205145e-01 3.855784016941768422e-01 2.473689114737001038e-01 5.304519463741333141e+01 -3.710635203755814349e-01 9.226740452761184041e-01 -1.048069005155434358e-01 1.007529077179642485e+01 -2.686521931057692658e-01 1.372961451726543991e-03 9.632362771122106038e-01 -2.407449317756915175e+00
8.871867819598837634e-01 3.834413554261725809e-01 2.566560204694828817e-01 5.361286325920213613e+01 -3.659581025543782173e-01 9.235317283000955557e-01 -1.147337347654834444e-01 9.827183688401529338e+00 -2.810236804872649485e-01 7.864903218436638047e-03 9.596686129846326851e-01 -2.598542242401409297e+00
