# -*- coding:UTF-8 -*-
#  vel_to_cam_Tr
Tr0: [[7.533745000000e-03, -9.999714000000e-01, -6.166020000000e-04, -4.069766000000e-03], 
      [1.480249000000e-02,7.280733000000e-04, -9.998902000000e-01, -7.631618000000e-02],
      [9.998621000000e-01, 7.523790000000e-03, 1.480755000000e-02, -2.717806000000e-01],
      [0, 0, 0, 1.0000]]
Tr1: [[7.533745000000e-03, -9.999714000000e-01, -6.166020000000e-04, -4.069766000000e-03], 
      [1.480249000000e-02,7.280733000000e-04, -9.998902000000e-01, -7.631618000000e-02],
      [9.998621000000e-01, 7.523790000000e-03, 1.480755000000e-02, -2.717806000000e-01],
      [0, 0, 0, 1.0000]]
Tr2: [[7.533745000000e-03, -9.999714000000e-01, -6.166020000000e-04, -4.069766000000e-03], 
      [1.480249000000e-02,7.280733000000e-04, -9.998902000000e-01, -7.631618000000e-02],
      [9.998621000000e-01, 7.523790000000e-03, 1.480755000000e-02, -2.717806000000e-01],
      [0, 0, 0, 1.0000]]
Tr3: [[7.533745000000e-03, -9.999714000000e-01, -6.166020000000e-04, -4.069766000000e-03], 
      [1.480249000000e-02,7.280733000000e-04, -9.998902000000e-01, -7.631618000000e-02],
      [9.998621000000e-01, 7.523790000000e-03, 1.480755000000e-02, -2.717806000000e-01],
      [0, 0, 0, 1.0000]]
Tr4: [[7.533745000000e-03, -9.999714000000e-01, -6.166020000000e-04, -4.069766000000e-03], 
      [1.480249000000e-02,7.280733000000e-04, -9.998902000000e-01, -7.631618000000e-02],
      [9.998621000000e-01, 7.523790000000e-03, 1.480755000000e-02, -2.717806000000e-01],
      [0, 0, 0, 1.0000]]
Tr5: [[7.533745000000e-03, -9.999714000000e-01, -6.166020000000e-04, -4.069766000000e-03], 
      [1.480249000000e-02,7.280733000000e-04, -9.998902000000e-01, -7.631618000000e-02],
      [9.998621000000e-01, 7.523790000000e-03, 1.480755000000e-02, -2.717806000000e-01],
      [0, 0, 0, 1.0000]]
Tr6: [[7.533745000000e-03, -9.999714000000e-01, -6.166020000000e-04, -4.069766000000e-03], 
      [1.480249000000e-02,7.280733000000e-04, -9.998902000000e-01, -7.631618000000e-02],
      [9.998621000000e-01, 7.523790000000e-03, 1.480755000000e-02, -2.717806000000e-01],
      [0, 0, 0, 1.0000]]
Tr7: [[7.533745000000e-03, -9.999714000000e-01, -6.166020000000e-04, -4.069766000000e-03], 
      [1.480249000000e-02,7.280733000000e-04, -9.998902000000e-01, -7.631618000000e-02],
      [9.998621000000e-01, 7.523790000000e-03, 1.480755000000e-02, -2.717806000000e-01],
      [0, 0, 0, 1.0000]]
Tr8: [[7.533745000000e-03, -9.999714000000e-01, -6.166020000000e-04, -4.069766000000e-03], 
      [1.480249000000e-02,7.280733000000e-04, -9.998902000000e-01, -7.631618000000e-02],
      [9.998621000000e-01, 7.523790000000e-03, 1.480755000000e-02, -2.717806000000e-01],
      [0, 0, 0, 1.0000]]
Tr9: [[7.533745000000e-03, -9.999714000000e-01, -6.166020000000e-04, -4.069766000000e-03], 
      [1.480249000000e-02,7.280733000000e-04, -9.998902000000e-01, -7.631618000000e-02],
      [9.998621000000e-01, 7.523790000000e-03, 1.480755000000e-02, -2.717806000000e-01],
      [0, 0, 0, 1.0000]]
Tr10: [[7.533745000000e-03, -9.999714000000e-01, -6.166020000000e-04, -4.069766000000e-03], 
      [1.480249000000e-02,7.280733000000e-04, -9.998902000000e-01, -7.631618000000e-02],
      [9.998621000000e-01, 7.523790000000e-03, 1.480755000000e-02, -2.717806000000e-01],
      [0, 0, 0, 1.0000]]
Tr11: [[7.533745000000e-03, -9.999714000000e-01, -6.166020000000e-04, -4.069766000000e-03], 
      [1.480249000000e-02,7.280733000000e-04, -9.998902000000e-01, -7.631618000000e-02],
      [9.998621000000e-01, 7.523790000000e-03, 1.480755000000e-02, -2.717806000000e-01],
      [0, 0, 0, 1.0000]]
Tr12: [[7.533745000000e-03, -9.999714000000e-01, -6.166020000000e-04, -4.069766000000e-03], 
      [1.480249000000e-02,7.280733000000e-04, -9.998902000000e-01, -7.631618000000e-02],
      [9.998621000000e-01, 7.523790000000e-03, 1.480755000000e-02, -2.717806000000e-01],
      [0, 0, 0, 1.0000]]
Tr13: [[7.533745000000e-03, -9.999714000000e-01, -6.166020000000e-04, -4.069766000000e-03], 
      [1.480249000000e-02,7.280733000000e-04, -9.998902000000e-01, -7.631618000000e-02],
      [9.998621000000e-01, 7.523790000000e-03, 1.480755000000e-02, -2.717806000000e-01],
      [0, 0, 0, 1.0000]]
Tr14: [[6.927964000000e-03, -9.999722000000e-01, -2.757829000000e-03, -2.457729000000e-02], 
      [-1.162982000000e-03, 2.749836000000e-03, -9.999955000000e-01, -6.127237000000e-02], 
      [9.999753000000e-01, 6.931141000000e-03, -1.143899000000e-03, -3.321029000000e-01],
      [0, 0, 0, 1.0000]]
Tr15: [[6.927964000000e-03, -9.999722000000e-01, -2.757829000000e-03, -2.457729000000e-02], 
      [-1.162982000000e-03, 2.749836000000e-03, -9.999955000000e-01, -6.127237000000e-02], 
      [9.999753000000e-01, 6.931141000000e-03, -1.143899000000e-03, -3.321029000000e-01],
      [0, 0, 0, 1.0000]]
Tr16: [[6.927964000000e-03, -9.999722000000e-01, -2.757829000000e-03, -2.457729000000e-02], 
      [-1.162982000000e-03, 2.749836000000e-03, -9.999955000000e-01, -6.127237000000e-02], 
      [9.999753000000e-01, 6.931141000000e-03, -1.143899000000e-03, -3.321029000000e-01],
      [0, 0, 0, 1.0000]]
Tr17: [[6.927964000000e-03, -9.999722000000e-01, -2.757829000000e-03, -2.457729000000e-02], 
      [-1.162982000000e-03, 2.749836000000e-03, -9.999955000000e-01, -6.127237000000e-02], 
      [9.999753000000e-01, 6.931141000000e-03, -1.143899000000e-03, -3.321029000000e-01],
      [0, 0, 0, 1.0000]]
Tr18: [[7.755449000000e-03, -9.999694000000e-01, -1.014303000000e-03, -7.275538000000e-03], 
      [2.294056000000e-03, 1.032122000000e-03, -9.999968000000e-01, -6.324057000000e-02],
      [9.999673000000e-01, 7.753097000000e-03, 2.301990000000e-03, -2.670414000000e-01],
      [0, 0, 0, 1.0000]]
Tr19: [[7.755449000000e-03, -9.999694000000e-01, -1.014303000000e-03, -7.275538000000e-03], 
      [2.294056000000e-03, 1.032122000000e-03, -9.999968000000e-01, -6.324057000000e-02],
      [9.999673000000e-01, 7.753097000000e-03, 2.301990000000e-03, -2.670414000000e-01],
      [0, 0, 0, 1.0000]]
Tr20: [[7.967514000000e-03, -9.999679000000e-01, -8.462264000000e-04, -1.377769000000e-02],
      [-2.771053000000e-03, 8.241710000000e-04, -9.999958000000e-01, -5.542117000000e-02], 
      [9.999644000000e-01, 7.969825000000e-03, -2.764397000000e-03, -2.918589000000e-01],
      [0, 0, 0, 1.0000]]
     